0		900001			36	4273	0-	2	1	1	-60	 	 	1	0	FF	11	
1		900001			3	42694268	0-	2	2	1	0	 	 	1	0	FFFF	2	
2		900001			4	42394238	0-	2	2	1	0			1	0	FFFF	2	
3		900001			10	42334232	0-	2	2	2.222313725	0.008666667	0		65	0	FFFF	7	
4		900001			37	41BD41BC	0-	2	2	0.781176471	0.002745098	-100		65	0	FFFF	3	
5		900001			38	427C	0-	2	1	0.36	-8	 	 	1	0	FF	12	
6		900001			39	42614260	0-	2	2	25.6	0.1	0	 	65	0	FFFF	13	
7		900001			19	1A571A56	0-	2	2	275.8117647	1.074509804	-22065	 	65	0	FFFF	10	
8		900001			40	421F421E	0-	2	2	-25.6	-0.1	55	 	65	0	FFFF	12	
9		900001			41	1A651A64	0-	2	1	1	-60	 	 	1	0	FF	11	
10		900001			42	1A6D1A6C	0-	2	2	1.251215686	0.004862745	-160.16	 	65	0	FFFF	8	
11		900001			43	427F	0-	2	1	0.9490196	0	 	 	1	0	FF	14	
12		900001			5	1D49	0-	2	1	0.5	0	 	 	1	0	FF	3	
13		900001			44	1D49	0-	2	1	1.251215686	0.004862745	-120.11	 	65	0	FF	8	
14		900001			45	1D49	0-	2	1	6	0x01	0x01,3	!,2	33	0	FF	5	
15		900001			46	1D49	0-	2	1	6	0x02	0x02,3	!,2	33	0	FF	5	
16		900001			47	1D49	0-	2	1	6	0x04	0x04,3	!,2	33	0	FF	5	
17		900001			48	1D49	0-	2	1	6	0x20	0x20,3	!,2	33	0	FF	5	
18		900001			49	1D42	0-	2	1	6	0x02	0x02,3	!,2	33	0	FF	5	
19		900001			50	1D42	0-	2	1	6	0x08	0x08,3	!,2	33	0	FF	5	
20		900001			28	1D42	0-	2	1	6	0x10	0x10,3	!,2	33	0	FF	5	
21		900001			51	1D41	0-	2	1	6	0x04	0x04,3	!,2	33	0	FF	5	
22		900001			52	1D41	0-	2	1	6	0x08	0x08,3	!,2	33	0	FF	5	
23		900001			53	1D41	0-	2	1	6	0x10	0x10,3	!,2	33	0	FF	5	
24		900001			54	428F	0-	2	1	0.07803921	0	 	 	1	0	FF	8	
25		900001			55	1A611A60	0-	2	2	1.251215686	0.004862745	0	 	65	0	FFFF	8	
26		900001			56	1A591A58	0-	2	2	1.251215686	0.004862745	-80.08	 	65	0	FFFF	8	
27		900001			57	46E346E2	0-	2	2	2.222313725	0.008666667	0	 	65	0	FFFF	7	
28		900001			58	46E546E4	0-	2	2	2.222313725	0.008666667	0	 	65	0	FFFF	7	
29		900001			59	46E746E6	0-	2	2	2.222313725	0.008666667	0	 	65	0	FFFF	7	
30		900001			60	1D40	0-	2	1	6	0x01	0x01,3	!,2	33	0	FF	5	
31		900001			61	1D40	0-	2	1	6	0x02	0x02,3	!,2	33	0	FF	5	
32		900001			62	1D40	0-	2	1	6	0x10	0x10,3	!,2	33	0	FF	5	
33		900001			63	1D40	0-	2	1	6	0x40	0x40,3	!,2	33	0	FF	5	
34		900002			36	4273	0-	2	1	1	-60	 	 	1	0	FF	11	
35		900002			3	42694268	0-	2	2	1	0	 	 	1	0	FFFF	2	
36		900002			4	42394238	0-	2	2	1	0			1	0	FFFF	2	
37		900002			10	42334232	0-	2	2	2.222313725	0.008666667	0		65	0	FFFF	7	
38		900002			37	41BD41BC	0-	2	2	0.781176471	0.002745098	-100		65	0	FFFF	3	
39		900002			38	427C	0-	2	1	0.36	-8	 	 	1	0	FF	12	
40		900002			39	42614260	0-	2	2	25.6	0.1	0	 	65	0	FFFF	13	
41		900002			19	1A571A56	0-	2	2	275.8117647	1.074509804	-22065	 	65	0	FFFF	10	
42		900002			40	421F421E	0-	2	2	-25.6	-0.1	55	 	65	0	FFFF	12	
43		900002			41	1A651A64	0-	2	1	1	-60	 	 	1	0	FF	11	
44		900002			42	1A6D1A6C	0-	2	2	1.251215686	0.004862745	-160.16	 	65	0	FFFF	8	
45		900002			64	4284	0-	2	2	1.251215686	0.004862745	-180.18	 	65	0	FFFF	8	
46		900002			43	427F	0-	2	1	0.9490196	0	 	 	1	0	FF	14	
47		900002			5	1D49	0-	2	1	0.5	0	 	 	1	0	FF	3	
48		900002			45	1D49	0-	2	1	6	0x01	0x01,3	!,2	33	0	FF	5	
49		900002			47	1D49	0-	2	1	6	0x04	0x04,3	!,2	33	0	FF	5	
50		900002			49	1D42	0-	2	1	6	0x02	0x02,3	!,2	33	0	FF	5	
51		900002			50	1D42	0-	2	1	6	0x08	0x08,3	!,2	33	0	FF	5	
52		900002			28	1D42	0-	2	1	6	0x10	0x10,3	!,2	33	0	FF	5	
53		900002			51	1D41	0-	2	1	6	0x04	0x04,3	!,2	33	0	FF	5	
54		900002			52	1D41	0-	2	1	6	0x08	0x08,3	!,2	33	0	FF	5	
55		900002			53	1D41	0-	2	1	6	0x10	0x10,3	!,2	33	0	FF	5	
56		900002			54	428F	0-	2	1	0.07803921	0	 	 	1	0	FF	8	
57		900002			55	1A611A60	0-	2	2	1.251215686	0.004862745	0	 	65	0	FFFF	8	
58		900002			56	1A591A58	0-	2	2	1.251215686	0.004862745	-80.08	 	65	0	FFFF	8	
59		900002			57	46E346E2	0-	2	2	2.222313725	0.008666667	0	 	65	0	FFFF	7	
60		900002			58	46E546E4	0-	2	2	2.222313725	0.008666667	0	 	65	0	FFFF	7	
61		900002			59	46E746E6	0-	2	2	2.222313725	0.008666667	0	 	65	0	FFFF	7	
62		900002			60	1D40	0-	2	1	6	0x01	0x01,3	!,2	33	0	FF	5	
63		900002			61	1D40	0-	2	1	6	0x02	0x02,3	!,2	33	0	FF	5	
64		900002			62	1D40	0-	2	1	6	0x10	0x10,3	!,2	33	0	FF	5	
65		900002			63	1D40	0-	2	1	6	0x40	0x40,3	!,2	33	0	FF	5	
66		900003			36	41DF	0-	2	1	1	-60	 	 	1	0	FF	11	
67		900003			3	41D541D4	0-	2	2	1	0	 	 	1	0	FFFF	2	
68		900003			4	41A541A4	0-	2	2	1	0			1	0	FFFF	2	
69		900003			10	419F419E	0-	2	2	2.222313725	0.008666667	0		65	0	FFFF	7	
70		900003			38	41E8	0-	2	1	0.36	-8	 	 	1	0	FF	12	
71		900003			39	41CD41CC	0-	2	2	25.6	0.1	0	 	65	0	FFFF	13	
72		900003			40	418B418A	0-	2	2	-25.6	-0.1	55	 	65	0	FFFF	12	
73		900003			41	41DD	0-	2	2	1	-60	 	 	1	0	FF	11	
74		900003			42	1A651A64	0-	2	2	1.251215686	0.004862745	-160.16	 	65	0	FFFF	8	
75		900003			64	1A6D1A6C	0-	2	1	1.251215686	0.004862745	-180.18	 	65	0	FF	8	
76		900003			43	41F0	0-	2	1	0.9490196	0	 	 	1	0	FF	14	
77		900003			5	41EB	0-	2	1	0.5	0	 	 	1	0	FF	3	
78		900003			45	1D41	0-	2	1	6	0x01	0x01,3	!,2	33	0	FF	5	
79		900003			46	1D41	0-	2	1	6	0x02	0x02,3	!,2	33	0	FF	5	
80		900003			47	1D41	0-	2	1	6	0x04	0x04,3	!,2	33	0	FF	5	
81		900003			48	1D41	0-	2	1	6	0x20	0x20,3	!,2	33	0	FF	5	
82		900003			49	1D3A	0-	2	1	6	0x02	0x02,3	!,2	33	0	FF	5	
83		900003			50	1D3A	0-	2	1	6	0x08	0x08,3	!,2	33	0	FF	5	
84		900003			28	1D3A	0-	2	1	6	0x10	0x10,3	!,2	33	0	FF	5	
85		900003			51	1D39	0-	2	1	6	0x04	0x04,3	!,2	33	0	FF	5	
86		900003			52	1D39	0-	2	1	6	0x08	0x08,3	!,2	33	0	FF	5	
87		900003			53	1D39	0-	2	1	6	0x10	0x10,3	!,2	33	0	FF	5	
88		900003			54	41FB	0-	2	1	0.07803921	0	 	 	1	0	FF	8	
89		900003			55	1A611A60	0-	2	2	1.251215686	0.004862745	0	 	65	0	FFFF	8	
90		900003			56	1A591A58	0-	2	2	1.251215686	0.004862745	-80.08	 	65	0	FFFF	8	
91		900003			57	464F464E	0-	2	2	2.222313725	0.008666667	0	 	65	0	FFFF	7	
92		900003			58	46514650	0-	2	2	2.222313725	0.008666667	0	 	65	0	FFFF	7	
93		900003			59	46534652	0-	2	2	2.222313725	0.008666667	0	 	65	0	FFFF	7	
94		900003			60	1D38	0-	2	1	6	0x01	0x01,3	!,2	33	0	FF	5	
95		900003			61	1D38	0-	2	1	6	0x02	0x02,3	!,2	33	0	FF	5	
96		900004			36	41DF	0-	2	1	1	-60	 	 	1	0	FF	11	
97		900004			3	41D541D4	0-	2	2	1	0	 	 	1	0	FFFF	2	
98		900004			4	41A541A4	0-	2	2	1	0			1	0	FFFF	2	
99		900004			10	419F419E	0-	2	2	2.222313725	0.008666667	0		65	0	FFFF	7	
100		900004			38	41E8	0-	2	1	0.36	-8	 	 	1	0	FF	12	
101		900004			39	41CD41CC	0-	2	2	25.6	0.1	0	 	65	0	FFFF	13	
102		900004			40	418B418A	0-	2	2	-25.6	-0.1	55	 	65	0	FFFF	12	
103		900004			41	41DD	0-	2	2	1	-60	 	 	1	0	FFFF	11	
104		900004			42	1A651A64	0-	2	2	1.251215686	0.004862745	-160.16	 	65	0	FFFF	8	
105		900004			64	1A6D1A6C	0-	2	2	1.251215686	0.004862745	-180.18	 	65	0	FFFF	8	
106		900004			43	41F0	0-	2	1	0.9490196	0	 	 	1	0	FF	14	
107		900004			5	41EB	0-	2	1	0.5	0	 	 	1	0	FF	3	
108		900004			45	1D41	0-	2	1	6	0x01	0x01,3	!,2	33	0	FF	5	
109		900004			46	1D41	0-	2	1	6	0x02	0x02,3	!,2	33	0	FF	5	
110		900004			47	1D41	0-	2	1	6	0x04	0x04,3	!,2	33	0	FF	5	
111		900004			48	1D41	0-	2	1	6	0x20	0x20,3	!,2	33	0	FF	5	
112		900004			49	1D3A	0-	2	1	6	0x02	0x02,3	!,2	33	0	FF	5	
113		900004			50	1D3A	0-	2	1	6	0x08	0x08,3	!,2	33	0	FF	5	
114		900004			28	1D3A	0-	2	1	6	0x10	0x10,3	!,2	33	0	FF	5	
115		900004			51	1D39	0-	2	1	6	0x04	0x04,3	!,2	33	0	FF	5	
116		900004			52	1D39	0-	2	1	6	0x08	0x08,3	!,2	33	0	FF	5	
117		900004			53	1D39	0-	2	1	6	0x10	0x10,3	!,2	33	0	FF	5	
118		900004			54	41FB	0-	2	1	0.07803921	0	 	 	1	0	FF	8	
119		900004			55	1A611A60	0-	2	2	1.251215686	0.004862745	0	 	65	0	FFFF	8	
120		900004			56	1A591A58	0-	2	2	1.251215686	0.004862745	-80.08	 	65	0	FFFF	8	
121		900004			57	464F464E	0-	2	2	2.222313725	0.008666667	0	 	65	0	FFFF	7	
122		900004			58	46514650	0-	2	2	2.222313725	0.008666667	0	 	65	0	FFFF	7	
123		900004			59	46534652	0-	2	2	2.222313725	0.008666667	0	 	65	0	FFFF	7	
124		900004			60	1D38	0-	2	1	6	0x01	0x01,3	!,2	33	0	FF	5	
125		900004			61	1D38	0-	2	1	6	0x02	0x02,3	!,2	33	0	FF	5	
126		900005			36	441F	0-	2	1	1	-60	 	 	1	0	FF	11	
127		900005			3	0084900F00849077	0-	2	2	1	0	 	 	1	0	FFFF	2	
128		900005			4	40B540B4	0-	2	2	1	0			1	0	FFFF	2	
129		900005			10	42854284	0-	2	2	2.222313725	0.008666667	0		65	0	FFFF	7	
130		900005			37	43334332	0-	2	2	0.781176471	0.002745098	-100		65	0	FFFF	3	
131		900005			38	442D	0-	2	1	0.36	-8	 	 	1	0	FF	12	
132		900005			39	44034402	0-	2	2	25.6	0.1	0	 	65	0	FFFF	13	
133		900005			19	163F163E	0-	2	2	275.8117647	1.074509804	0	 	65	0	FFFF	10	
134		900005			40	008390B300839077	0-	2	2	-25.6	-0.1	55	 	65	0	FFFF	12	
135		900005			41	441D	0-	2	1	1	-60	 	 	1	0	FF	11	
136		900005			43	4436	0-	2	1	0.9490196	0	 	 	1	0	FF	14	
137		900005			5	4431	0-	2	1	0.5	0	 	 	1	0	FF	3	
138		900005			45	1D54	0-	2	1	6	0x01	0x01,3	!,2	33	0	FF	5	
139		900005			46	1D54	0-	2	1	6	0x02	0x02,3	!,2	33	0	FF	5	
140		900005			47	1D54	0-	2	1	6	0x04	0x04,3	!,2	33	0	FF	5	
141		900005			50	1D4E	0-	2	1	6	0x08	0x08,3	!,2	33	0	FF	5	
142		900005			28	1D4E	0-	2	1	6	0x10	0x10,3	!,2	33	0	FF	5	
143		900005			51	1D4D	0-	2	1	6	0x04	0x04,3	!,2	33	0	FF	5	
144		900005			52	1D4D	0-	2	1	6	0x08	0x08,3	!,2	33	0	FF	5	
145		900005			53	1D4D	0-	2	1	6	0x10	0x10,3	!,2	33	0	FF	5	
146		900005			54	443E	0-	2	1	0.07803921	0	 	 	1	0	FF	8	
147		900005			55	16491648	0-	2	2	1.251215686	0.004862745	0	 	65	0	FFFF	8	
148		900005			56	16411640	0-	2	2	1.251215686	0.004862745	-80.08	 	65	0	FFFF	8	
149		900005			57	49654964	0-	2	2	2.222313725	0.008666667	0	 	65	0	FFFF	7	
150		900005			58	49674966	0-	2	2	2.222313725	0.008666667	0	 	65	0	FFFF	7	
151		900005			60	1D4C	0-	2	1	6	0x01	0x01,3	!,2	33	0	FF	5	
152		900005			62	1D4C	0-	2	1	6	0x10	0x10,3	!,2	33	0	FF	5	
153		900005			63	1D4C	0-	2	1	6	0x40	0x40,3	!,2	33	0	FF	5	
154		900006			36	441F	0-	2	1	1	-60	 	 	1	0	FF	11	
155		900006			3	0084900F00849077	0-	2	2	1	0	 	 	1	0	FFFF	2	
156		900006			4	40B540B4	0-	2	2	1	0			1	0	FFFF	2	
157		900006			10	42854284	0-	2	2	2.222313725	0.008666667	0		65	0	FFFF	7	
158		900006			37	43334332	0-	2	2	0.781176471	0.002745098	-100		65	0	FFFF	3	
159		900006			38	442D	0-	2	1	0.36	-8	 	 	1	0	FF	12	
160		900006			39	44034402	0-	2	2	25.6	0.1	0	 	65	0	FFFF	13	
161		900006			19	163F163E	0-	2	2	275.8117647	1.074509804	-22065	 	65	0	FFFF	10	
162		900006			40	008390B300839077	0-	2	2	-25.6	-0.1	55	 	65	0	FFFF	12	
163		900006			41	441D	0-	2	1	1	-60	 	 	1	0	FF	11	
164		900006			43	4436	0-	2	1	0.9490196	0	 	 	1	0	FF	14	
165		900006			5	4431	0-	2	1	0.5	0	 	 	1	0	FF	3	
166		900006			45	1D54	0-	2	1	6	0x01	0x01,3	!,2	33	0	FF	5	
167		900006			47	1D54	0-	2	1	6	0x04	0x04,3	!,2	33	0	FF	5	
168		900006			50	1D4E	0-	2	1	6	0x08	0x08,3	!,2	33	0	FF	5	
169		900006			28	1D4E	0-	2	1	6	0x10	0x10,3	!,2	33	0	FF	5	
170		900006			51	1D4D	0-	2	1	6	0x04	0x04,3	!,2	33	0	FF	5	
171		900006			52	1D4D	0-	2	1	6	0x08	0x08,3	!,2	33	0	FF	5	
172		900006			53	1D4D	0-	2	1	6	0x10	0x10,3	!,2	33	0	FF	5	
173		900006			54	443E	0-	2	1	0.07803921	0	 	 	1	0	FF	8	
174		900006			55	16491648	0-	2	2	1.251215686	0.004862745	0	 	65	0	FFFF	8	
175		900006			56	16411640	0-	2	2	1.251215686	0.004862745	-80.08	 	65	0	FFFF	8	
176		900006			57	49654964	0-	2	2	2.222313725	0.008666667	0	 	65	0	FFFF	7	
177		900006			58	49674966	0-	2	2	2.222313725	0.008666667	0	 	65	0	FFFF	7	
178		900006			60	1D4C	0-	2	1	6	0x01	0x01,3	!,2	33	0	FF	5	
179		900006			62	1D4C	0-	2	1	6	0x10	0x10,3	!,2	33	0	FF	5	
180		900006			63	1D4C	0-	2	1	6	0x20	0x20,3	!,2	33	0	FF	5	
181		900007			36	442B	0-	2	1	1	-60	 	 	1	0	FF	11	
182		900007			3	0084901B00849077	0-	2	2	1	0	 	 	1	0	FFFF	2	
183		900007			4	40B140B0	0-	2	2	1	0			1	0	FFFF	2	
184		900007			10	42914290	0-	2	2	2.222313725	0.008666667	0		65	0	FFFF	7	
185		900007			37	433F433E	0-	2	2	0.781176471	0.002745098	-100		65	0	FFFF	3	
186		900007			38	4439	0-	2	1	0.36	-8	 	 	1	0	FF	12	
187		900007			39	440F440E	0-	2	2	25.6	0.1	0	 	65	0	FFFF	13	
188		900007			19	164F164E	0-	2	2	275.8117647	1.074509804	-22065	 	65	0	FFFF	10	
189		900007			40	008390BF00839077	0-	2	2	-25.6	-0.1	55	 	65	0	FFFF	12	
190		900007			41	4429	0-	2	1	1	-60	 	 	1	0	FF	11	
191		900007			43	4442	0-	2	1	0.9490196	0	 	 	1	0	FF	14	
192		900007			5	443D	0-	2	1	0.5	0	 	 	1	0	FF	3	
193		900007			45	1D54	0-	2	1	6	0x01	0x01,3	!,2	33	0	FF	5	
194		900007			46	1D54	0-	2	1	6	0x02	0x02,3	!,2	33	0	FF	5	
195		900007			47	1D54	0-	2	1	6	0x04	0x04,3	!,2	33	0	FF	5	
196		900007			48	1D54	0-	2	1	6	0x20	0x20,3	!,2	33	0	FF	5	
197		900007			50	1D4E	0-	2	1	6	0x08	0x08,3	!,2	33	0	FF	5	
198		900007			28	1D4E	0-	2	1	6	0x10	0x10,3	!,2	33	0	FF	5	
199		900007			51	1D4D	0-	2	1	6	0x04	0x04,3	!,2	33	0	FF	5	
200		900007			52	1D4D	0-	2	1	6	0x08	0x08,3	!,2	33	0	FF	5	
201		900007			53	1D4D	0-	2	1	6	0x10	0x10,3	!,2	33	0	FF	5	
202		900007			54	444A	0-	2	1	0.07803921	0	 	 	1	0	FF	8	
203		900007			55	16591658	0-	2	2	1.251215686	0.004862745	0	 	65	0	FFFF	8	
204		900007			56	16511650	0-	2	2	1.251215686	0.004862745	-80.08	 	65	0	FFFF	8	
205		900007			57	49714970	0-	2	2	2.222313725	0.008666667	0	 	65	0	FFFF	7	
206		900007			58	49734972	0-	2	2	2.222313725	0.008666667	0	 	65	0	FFFF	7	
207		900007			60	1D4C	0-	2	1	6	0x01	0x01,3	!,2	33	0	FF	5	
208		900007			61	1D4C	0-	2	1	6	0x02	0x02,3	!,2	33	0	FF	5	
209		900007			62	1D4C	0-	2	1	6	0x10	0x10,3	!,2	33	0	FF	5	
210		900007			63	1D4C	0-	2	1	6	0x40	0x40,3	!,2	33	0	FF	5	
211		900007			65	1D2A	0-	2	1	6	0x01	0x01,3	!,2	33	0	FF	5	
212		900007			33	1D2A	0-	2	1	6	0x02	0x02,3	!,2	33	0	FF	5	
213		900007			66	1D2A	0-	2	1	6	0x04	0x04,3	!,2	33	0	FF	5	
214		900007			67	1D2A	0-	2	1	6	0x40	0x40,3	!,2	33	0	FF	5	
215		900007			68	1D2A	0-	2	1	6	0x08	0x08,3	!,2	33	0	FF	5	
216		900007			69	1D2A	0-	2	1	6	0x10	0x10,3	!,2	33	0	FF	5	
217		900007			70	1D2A	0-	2	1	6	0x20	0x20,3	!,2	33	0	FF	5	
218		900008			36	4417	0-	2	1	1	-60	 	 	1	0	FF	11	
219		900008			3	008490700849077	0-	2	2	1	0	 	 	1	0	FFFF	2	
220		900008			4	40B540B4	0-	2	2	1	0			1	0	FFFF	2	
221		900008			10	427D427C	0-	2	2	2.222313725	0.008666667	0		65	0	FFFF	7	
222		900008			37	432B432A	0-	2	2	0.781176471	0.002745098	-100		65	0	FFFF	3	
223		900008			38	4425	0-	2	1	0.36	-8	 	 	1	0	FF	12	
224		900008			39	43FB43FA	0-	2	2	25.6	0.1	0	 	65	0	FFFF	13	
225		900008			19	163F163E	0-	2	2	275.8117647	1.074509804	-22065	 	65	0	FFFF	10	
226		900008			40	008390AB00839077	0-	2	2	-25.6	-0.1	55	 	65	0	FFFF	12	
227		900008			41	4415	0-	2	1	1	-60	 	 	1	0	FF	11	
228		900008			43	442E	0-	2	1	0.9490196	0	 	 	1	0	FF	14	
229		900008			5	4429	0-	2	1	0.5	0	 	 	1	0	FF	3	
230		900008			45	1D54	0-	2	1	6	0x01	0x01,3	!,2	33	0	FF	5	
231		900008			46	1D54	0-	2	1	6	0x02	0x02,3	!,2	33	0	FF	5	
232		900008			47	1D54	0-	2	1	6	0x04	0x04,3	!,2	33	0	FF	5	
233		900008			28	1D4E	0-	2	1	6	0x10	0x10,3	!,2	33	0	FF	5	
234		900008			51	1D4D	0-	2	1	6	0x04	0x04,3	!,2	33	0	FF	5	
235		900008			52	1D4D	0-	2	1	6	0x08	0x08,3	!,2	33	0	FF	5	
236		900008			53	1D4D	0-	2	1	6	0x10	0x10,3	!,2	33	0	FF	5	
237		900008			54	4436	0-	2	1	0.07803921	0	 	 	1	0	FF	8	
238		900008			55	16491648	0-	2	2	1.251215686	0.004862745	0	 	65	0	FFFF	8	
239		900008			56	16411640	0-	2	2	1.251215686	0.004862745	-80.08	 	65	0	FFFF	8	
240		900008			57	495D495C	0-	2	2	2.222313725	0.008666667	0	 	65	0	FFFF	7	
241		900008			58	495F495E	0-	2	2	2.222313725	0.008666667	0	 	65	0	FFFF	7	
242		900008			62	1D4C	0-	2	1	6	0x10	0x10,3	!,2	33	0	FF	5	
243		900008			63	1D4C	0-	2	1	6	0x40	0x40,3	!,2	33	0	FF	5	
244		900009			36	4417	0-	2	1	1	-60	 	 	1	0	FF	11	
245		900009			3	008490700849077	0-	2	2	1	0	 	 	1	0	FFFF	2	
246		900009			4	40B540B4	0-	2	2	1	0			1	0	FFFF	2	
247		900009			10	427D427C	0-	2	2	2.222313725	0.008666667	0		65	0	FFFF	7	
248		900009			37	432B432A	0-	2	2	0.781176471	0.002745098	-100		65	0	FFFF	3	
249		900009			38	4425	0-	2	1	0.36	-8	 	 	1	0	FF	12	
250		900009			39	43FB43FA	0-	2	2	25.6	0.1	0	 	65	0	FFFF	13	
251		900009			19	163F163E	0-	2	2	275.8117647	1.074509804	0	 	65	0	FFFF	10	
252		900009			40	008390AB00839077	0-	2	2	-25.6	-0.1	55	 	65	0	FFFF	12	
253		900009			41	4415	0-	2	1	1	-60	 	 	1	0	FF	11	
254		900009			43	427F	0-	2	1	0.9490196	0	 	 	1	0	FF	14	
255		900009			5	4429	0-	2	1	0.5	0	 	 	1	0	FF	3	
256		900009			45	1D54	0-	2	1	6	0x01	0x01,3	!,2	33	0	FF	5	
257		900009			47	1D54	0-	2	1	6	0x04	0x04,3	!,2	33	0	FF	5	
258		900009			28	1D4E	0-	2	1	6	0x10	0x10,3	!,2	33	0	FF	5	
259		900009			51	1D4D	0-	2	1	6	0x04	0x04,3	!,2	33	0	FF	5	
260		900009			52	1D4D	0-	2	1	6	0x08	0x08,3	!,2	33	0	FF	5	
261		900009			53	1D4D	0-	2	1	6	0x10	0x10,3	!,2	33	0	FF	5	
262		900009			54	4436	0-	2	1	0.07803921	0	 	 	1	0	FF	8	
263		900009			55	16491648	0-	2	2	1.251215686	0.004862745	0	 	65	0	FFFF	8	
264		900009			56	16411640	0-	2	2	1.251215686	0.004862745	0	 	65	0	FFFF	8	
265		900009			57	495D495C	0-	2	2	2.222313725	0.008666667	0	 	65	0	FFFF	7	
266		900009			58	495F495D	0-	2	2	2.222313725	0.008666667	0	 	65	0	FFFF	7	
267		900009			62	1D4C	0-	2	1	6	0x10	0x10,3	!,2	33	0	FF	5	
268		900009			63	1D4C	0-	2	1	6	0x40	0x40,3	!,2	33	0	FF	5	
269		900010			36	4423	0-	2	1	1	-60	 	 	1	0	FF	11	
270		900010			3	0084901300877	0-	2	2	1	0	 	 	1	0	FFFF	2	
271		900010			4	40B140B2	0-	2	2	1	0			1	0	FFFF	2	
272		900010			10	423894288	0-	2	2	2.222313725	0.008666667	0		65	0	FFFF	7	
273		900010			37	433736	0-	2	2	0.781176471	0.002745098	-100		65	0	FFFF	3	
274		900010			38	4431	0-	2	1	0.36	-8	 	 	1	0	FF	12	
275		900010			39	44074406	0-	2	2	25.6	0.1	0	 	65	0	FFFF	13	
276		900010			19	164F164E	0-	2	2	275.8117647	1.074509804	-22065	 	65	0	FFFF	10	
277		900010			40	008390B700839077	0-	2	2	-25.6	-0.1	55	 	65	0	FFFF	12	
278		900010			41	4421	0-	2	1	1	-60	 	 	1	0	FF	11	
279		900010			43	443A	0-	2	1	0.9490196	0	 	 	1	0	FF	14	
280		900010			5	4435	0-	2	1	0.5	0	 	 	1	0	FF	3	
281		900010			45	1D54	0-	2	1	6	0x01	0x01,3	!,2	33	0	FF	5	
282		900010			46	1D54	0-	2	1	6	0x02	0x02,3	!,2	33	0	FF	5	
283		900010			47	1D54	0-	2	1	6	0x04	0x04,3	!,2	33	0	FF	5	
284		900010			48	1D54	0-	2	1	6	0x20	0x20,3	!,2	33	0	FF	5	
285		900010			28	1D4E	0-	2	1	6	0x10	0x10,3	!,2	33	0	FF	5	
286		900010			51	1D4D	0-	2	1	6	0x04	0x04,3	!,2	33	0	FF	5	
287		900010			52	1D4D	0-	2	1	6	0x08	0x08,3	!,2	33	0	FF	5	
288		900010			53	1D4D	0-	2	1	6	0x10	0x10,3	!,2	33	0	FF	5	
289		900010			54	4442	0-	2	1	0.07803921	0	 	 	1	0	FF	8	
290		900010			55	16591658	0-	2	2	1.251215686	0.004862745	0	 	65	0	FFFF	8	
291		900010			56	16511650	0-	2	2	1.251215686	0.004862745	-80.08	 	65	0	FFFF	8	
292		900010			57	46594658	0-	2	2	2.222313725	0.008666667	0	 	65	0	FFFF	7	
293		900010			58	465B466A	0-	2	2	2.222313725	0.008666667	0	 	65	0	FFFF	7	
294		900010			62	1D4C	0-	2	1	6	0x10	0x10,3	!,2	33	0	FF	5	
295		900010			63	1D4C	0-	2	1	6	0x40	0x40,3	!,2	33	0	FF	5	
296		900010			65	1D4C	0-	2	1	6	0x01	0x01,3	!,2	33	0	FF	5	
297		900010			33	1D2A	0-	2	1	6	0x02	0x02,3	!,2	33	0	FF	5	
298		900010			66	1D2A	0-	2	1	6	0x04	0x04,3	!,2	33	0	FF	5	
299		900010			67	1D2A	0-	2	1	6	0x40	0x40,3	!,2	33	0	FF	5	
300		900010			68	1D2A	0-	2	1	6	0x08	0x08,3	!,2	33	0	FF	5	
301		900010			69	1D2A	0-	2	1	6	0x10	0x10,3	!,2	33	0	FF	5	
302		900010			70	1D2A	0-	2	1	6	0x20	0x20,3	!,2	33	0	FF	5	
303		900011			1	8301F3221101AB	0-F30162	7	1	1	-60			1	A	D2	1	
304		900011			2	8301F3221103AD	0-F30162	7	1	1	-60			1	A	8C	1	
305		900011			3	8301F3221104AE	0-F30162	7	2	1	0			1	0	1F40	2	
306		900011			4	8301F3221105AF	0-F30162	7	2	1	0			1	0	1F40	2	
307		900011			5	8301F3221106B0	0-F30162	7	1	0.5	0			1	0	C8	3	
308		900011			6	8301F3221107B1	0-F30162	7	2	0.1	0			1	0	3E8	4	
309		900011			7	8301F322110AB4	0-F30162	7	1	0.392	0			1	0	FF	3	
310		900011			8	8301F322110BB5	0-F30162	7	1	0.1	55	8	2	4	0	0	5	
311		900011			9	8301F322110CB6	0-F30162	7	1	3	0			1	0	FF	6	
312		900011			10	8301F322110DB7	0-F30162	7	2	0.0091386	0			1	0	457	7	
313		900011			11	8301F3221110BA	0-F30162	7	1	0.078	0			1	0	FF	8	
314		900011			12	8301F3221113BD	0-F30162	7	1	1.2	0			1	0	D0	9	
315		900011			13	8301F3221114BE	0-F30162	7	2	0.0156	0			1	0	3E99	9	
316		900011			14	8301F3221115BF	0-F30162	7	2	0.0049	0			1	0	4C8	8	
317		900011			15	8301F3221116C0	0-F30162	7	2	0.0049	0			1	0	4C8	8	
318		900011			16	8301F3221117C1	0-F30162	7	2	0.0049	0			1	0	4C8	8	
319		900011			17	8301F3221118C2	0-F30162	7	2	0.0049	0			1	0	4C8	8	
320		900011			18	8301F322111BC5	0-F30162	7	2	0.000031	0			1	0	FFFF	5	
321		900011			19	8301F322111FC9	0-F30162	7	2	1.09	0			1	0	395	10	
322		900011			20	8301F3221147F1	0-F30162	7	1	1	1	1	0x01	3	0	FF	5	
323		900011			21	8301F3221147F1	0-F30162	7	1	1	1	1	0x02	3	0	FF	5	
324		900011			22	8301F3221147F1	0-F30162	7	1	1	1	1	0x04	3	0	FF	5	
325		900011			23	8301F3221147F1	0-F30162	7	1	1	1	1	0x10	3	0	FF	5	
326		900011			24	8301F3221147F1	0-F30162	7	1	1	1	1	0x20	3	0	0	5	
327		900011			25	8301F3221148F2	0-F30162	7	1	1	1	1	0x01	3	0	0	5	
328		900011			26	8301F3221148F2	0-F30162	7	1	1	1	1	0x08	3	0	FF	5	
329		900011			27	8301F3221148F2	0-F30162	7	1	1	1	1	0x10	3	0	0	5	
330		900011			28	8301F3221148F2	0-F30162	7	1	1	1	1	0x20	3	0	FF	5	
331		900011			29	8301F3221148F2	0-F30162	7	1	1	1	1	0x40	3	0	FF	5	
332		900011			30	8301F3221149F3	0-F30162	7	1	1	1	1	0x01	3	0	FF	5	
333		900011			31	8301F3221149F3	0-F30162	7	1	1	1	1	0x08	3	0	0	5	
334		900011			32	8301F3221149F3	0-F30162	7	1	1	1	1	0x10	3	0	FF	5	
335		900011			33	8301F3221149F3	0-F30162	7	1	1	1	1	0x40	3	0	FF	5	
336		900011			34	8301F3221150FA	0-F30162	7	1	1	-128			1	0	FF	2	
337		900011			35	8301F3221151FB	0-F30162	7	1	1	-128			1	0	FF	2	
338		900012			1	8301F3221101AB	0-F30162	7	1	1	-60			1	0	D2	1	
339		900012			2	8301F3221103AD	0-F30162	7	1	1	-60			1	0	8C	1	
340		900012			3	8301F3221104AE	0-F30162	7	2	1	0			1	0	1F40	2	
341		900012			4	8301F3221105AF	0-F30162	7	2	1	0			1	0	1F40	2	
342		900012			5	8301F3221106B0	0-F30162	7	1	0.5	0			1	0	C8	3	
343		900012			6	8301F3221107B1	0-F30162	7	2	0.1	0			1	0	3E8	4	
344		900012			7	8301F322110AB4	0-F30162	7	1	0.392	0			1	0	FF	3	
345		900012			8	8301F322110BB5	0-F30162	7	2	0.1	55	8	2	4	0	0	5	
346		900012			9	8301F322110CB6	0-F30162	7	1	3	0			1	0	FF	6	
347		900012			10	8301F322110DB7	0-F30162	7	2	0.0091386	0			1	0	457	7	
348		900012			11	8301F3221110BA	0-F30162	7	1	0.078	0			1	0	FF	8	
349		900012			12	8301F3221113BD	0-F30162	7	1	1.2	0			1	0	D0	9	
350		900012			13	8301F3221114BE	0-F30162	7	2	0.0156	0			1	0	3C18	9	
351		900012			14	8301F3221115BF	0-F30162	7	2	0.0049	0			1	0	4C8	8	
352		900012			15	8301F3221116C0	0-F30162	7	2	0.0049	0			1	0	4C8	8	
353		900012			16	8301F3221117C1	0-F30162	7	2	0.0049	0			1	0	4C8	8	
354		900012			17	8301F3221118C2	0-F30162	7	2	0.0049	0			1	0	189	8	
355		900012			18	8301F32211711B	0-F30162	7	2	0.000031	0			1	0	FFFF	5	
356		900012			19	8301F322111FC9	0-F30162	7	2	0.0909	0			1	0	2AF9	10	
357		900012			20	8301F3221147F1	0-F30162	7	1	1	1	1	0x01	3	0	FF	5	
358		900012			21	8301F3221147F1	0-F30162	7	1	1	1	1	0x02	3	0	FF	5	
359		900012			22	8301F3221147F1	0-F30162	7	1	1	1	1	0x04	3	0	FF	5	
360		900012			23	8301F3221147F1	0-F30162	7	1	1	1	1	0x10	3	0	FF	5	
361		900012			24	8301F3221147F1	0-F30162	7	1	1	1	1	0x20	3	0	0	5	
362		900012			25	8301F3221148F2	0-F30162	7	1	1	1	1	0x02	3	0	0	5	
363		900012			26	8301F3221148F2	0-F30162	7	1	1	1	1	0x08	3	0	FF	5	
364		900012			27	8301F3221148F2	0-F30162	7	1	1	1	1	0x10	3	0	0	5	
365		900012			28	8301F3221148F2	0-F30162	7	1	1	1	1	0x20	3	0	FF	5	
366		900012			29	8301F3221148F2	0-F30162	7	1	1	1	1	0x40	3	0	FF	5	
367		900012			30	8301F3221149F3	0-F30162	7	1	1	1	1	0x02	3	0	FF	5	
368		900012			31	8301F3221149F3	0-F30162	7	1	1	1	1	0x08	3	0	0	5	
369		900012			32	8301F3221149F3	0-F30162	7	1	1	1	1	0x10	3	0	FF	5	
370		900012			33	8301F322114AF4	0-F30162	7	1	1	1	1	0x40	3	0	FF	5	
371		900012			34	8301F3221150FA	0-F30162	7	1	1	-128			1	0	FF	2	
372		900012			35	8301F3221151FB	0-F30162	7	1	1	-128			1	0	FF	2	
373		900013			71	8218F12101AD	0-F11861	6	2	1	0			1	0	1F40	2	
374		900013			72	8218F12101AD	0-F11861	8	2	1	0			1	0	2710	2	
375		900013			73	8218F12101AD	0-F11861	10	1	1	0			1	0	64	3	
376		900013			74	8218F12101AD	0-F11861	32	2	0.0048	0			1	0	4E2	8	
377		900013			75	8218F12101AD	0-F11861	11	1	1	0			1	0	64	3	
378		900013			76	8218F12101AD	0-F11861	12	1	1	0			1	0	5	5	
379		900013			77	8218F12101AD	0-F11861	13	1	149	3	2	0x07	3	0	FF	5	
380		900013			78	8218F12101AD	0-F11861	14	2	1	0			2	FFCD	96	1	
381		900013			79	8218F12101AD	0-F11861	24	1	1	1	1	0x01	3	0	0	5	
382		900013			80	8218F12101AD	0-F11861	25	1	1	1	1	0x01	3	0	0	5	
383		900013			81	8218F12101AD	0-F11861	26	1	3	1	1	0x01	3	0	0	5	
384		900013			82	8218F12101AD	0-F11861	27	1	169	2	1	0x03	3	0	FF	5	
385		900013			83	8218F12101AD	0-F11861	37	2	0.0048	0			1	0	FA0	8	
386		900013			84	8218F12101AD	0-F11861	39	2	0.0048	0			1	0	4E2	8	
387		900013			54	8218F12101AD	0-F11861	48	2	0.02	0			1	0	FA0	8	
388		900013			85	8218F12101AD	0-F11861	42	2	0.0048	0			1	0	FA0	8	
389		900013			86	8218F12101AD	0-F11861	46	2	0.0048	0			1	0	3E8	8	
390		900014			71	8218F12101AD	0-F11861	6	2	1	0			1	0	1F40	2	
391		900014			72	8218F12101AD	0-F11861	8	2	1	0			1	0	2710	2	
392		900014			73	8218F12101AD	0-F11861	10	1	1	0			1	0	64	3	
393		900014			87	8218F12101AD	0-F11861	11	1	1	0			1	0	64	3	
394		900014			76	8218F12101AD	0-F11861	12	1	1	0			1	0	6	5	
395		900014			88	8218F12101AD	0-F11861	13	1	149	3	2	0x07	3	0	FF	5	
396		900014			78	8218F12101AD	0-F11861	14	2	1	0			2	FFFF	96	1	
397		900014			89	8218F12101AD	0-F11861	16	2	0.0048	0			1	0	4E2	8	
398		900014			90	8218F12101AD	0-F11861	18	2	0.0048	0			1	0	4E2	8	
399		900014			91	8218F12101AD	0-F11861	20	2	0.0048	0			1	0	4E2	8	
400		900014			92	8218F12101AD	0-F11861	22	2	0.0048	0			1	0	4E2	8	
401		900014			93	8218F12101AD	0-F11861	24	1	1	1	1	0x01	3	0	FF	5	
402		900014			94	8218F12101AD	0-F11861	25	1	1	1	1	0x01	3	0	FF	5	
403		900014			81	8218F12101AD	0-F11861	26	1	3	1	1	0xFF	3	0	FF	5	
404		900014			95	8218F12101AD	0-F11861	27	1	169	2	1	0x03	3	0	0	5	
405		900014			96	8218F12101AD	0-F11861	32	2	0.0048	0			1	0	4E2	8	
406		900014			97	8218F12101AD	0-F11861	37	2	0.0048	0			1	0	1046	8	
407		900014			98	8218F12101AD	0-F11861	39	2	0.0048	0			1	0	4E2	8	
408		900014			99	8218F12101AD	0-F11861	41	1	1	1	1	0x01	3	0	FF	5	
409		900014			100	8218F12101AD	0-F11861	42	2	0.0048	0			1	0	1046	8	
410		900014			101	8218F12101AD	0-F11861	46	2	0.0048	0			1	0	1046	8	
411		900014			11	8218F12101AD	0-F11861	48	2	0.02	0			1	0	3E8	8	
412		900015			102	30230E1000940000000000000501	0-	5	1	0.07	0			1	0	FF	8	
413		900015			103	30230E1000220000000000009300	0-	5	1	1	1	1	0x20	3	0	FF	5	
414		900015			104	30230E1000980000000000000901	0-	5	1	1	1	1	0x20	3	0	FF	5	
415		900015			105	30230E1001A00000000000001101	0-	5	2	0.0625	0			1	0	BB8	9	
416		900015			106	30230E1000A00000000000001101	0-	5	1	0.0625	0			1	0	FF	9	
417		900015			107	30230E1005A00000000000001101	0-	5	2	0.0625	0			1	0	BB8	9	
418		900015			108	30230E1002A20000000000001301	0-	5	2	0.0625	0			1	0	BB8	9	
419		900015			109	30230E1000A20000000000001301	0-	5	2	0.0625	0			1	0	BB8	9	
420		900015			110	30230E1006A20000000000001301	0-	5	2	0.0625	0			1	0	BB8	9	
421		900015			111	30230E1003A6000000001701	0-	5	2	0.0625	0			1	0	BB8	9	
422		900015			112	30230E1000A6000000001701	0-	5	2	0.0625	0			1	0	BB8	9	
423		900015			113	30230E1007A6000000001701	0-	5	2	0.0625	0			1	0	BB8	9	
424		900015			114	30230E1004A40000000000001501	0-	5	2	0.0625	0			1	0	BB8	9	
425		900015			115	30230E1000A40000000000001501	0-	5	2	0.0625	0			1	0	BB8	9	
426		900015			116	30230E1008A400000000000000001501	0-	5	2	0.0625	0			1	0	BB8	9	
427		900015			117	30230E1000200000000000009100	0-	5	1	1	1	1	0x01	3	0	0	5	
428		900016			102	30230E1000940000000000000501	0-	5	1	0.07	0			1	0	FF	8	
429		900016			103	30230E1000220000000000009300	0-	5	1	1	1	1	0x20	3	0	FF	5	
430		900016			104	30230E1000980000000000000901	0-	5	1	1	1	1	0x20	3	0	FF	5	
431		900016			105	30230E1001A00000000000001101	0-	5	2	0.0625	0			1	0	BB8	9	
432		900016			106	30230E1000A00000000000001101	0-	5	1	0.0625	0			1	0	FF	9	
433		900016			107	30230E1005A00000000000001101	0-	5	2	0.0625	0			1	0	BB8	9	
434		900016			108	30230E1002A20000000000001301	0-	5	2	0.0625	0			1	0	BB8	9	
435		900016			109	30230E1000A20000000000001301	0-	5	2	0.0625	0			1	0	BB8	9	
436		900016			110	30230E1006A20000000000001301	0-	5	2	0.0625	0			1	0	BB8	9	
437		900016			111	30230E1003A6000000001701	0-	5	2	0.0625	0			1	0	BB8	9	
438		900016			112	30230E1000A6000000001701	0-	5	2	0.0625	0			1	0	BB8	9	
439		900016			113	30230E1007A6000000001701	0-	5	2	0.0625	0			1	0	BB8	9	
440		900016			114	30230E1004A40000000000001501	0-	5	2	0.0625	0			1	0	BB8	9	
441		900016			115	30230E1000A40000000000001501	0-	5	2	0.0625	0			1	0	BB8	9	
442		900016			116	30230E1008A400000000000000001501	0-	5	2	0.0625	0			1	0	BB8	9	
443		900016			117	30230E1000200000000000009100	0-	5	1	1	1	1	0x01	3	0	0	5	
444		900016			118	30230E1000B00000000000002101	0-	5	1	0.02	2.56			2	FD	AC	8	
445		900017			102	30230E1000940000000000000501	0-	5	1	0.07	0			1	0	FF	8	
446		900017			103	30230E1000220000000000009300	0-	5	1	1	1	1	0x20	3	0	FF	5	
447		900017			104	30230E1000980000000000000901	0-	5	1	1	1	1	0x20	3	0	FF	5	
448		900017			105	30230E1001A00000000000001101	0-	5	2	0.0625	0			1	0	BB8	9	
449		900017			106	30230E1000A00000000000001101	0-	5	1	0.0625	0			1	0	FF	9	
450		900017			107	30230E1005A00000000000001101	0-	5	2	0.0625	0			1	0	BB8	9	
451		900017			108	30230E1002A20000000000001301	0-	5	2	0.0625	0			1	0	BB8	9	
452		900017			109	30230E1000A20000000000001301	0-	5	2	0.0625	0			1	0	BB8	9	
453		900017			110	30230E1006A20000000000001301	0-	5	2	0.0625	0			1	0	BB8	9	
454		900017			111	30230E1003A6000000001701	0-	5	2	0.0625	0			1	0	BB8	9	
455		900017			112	30230E1000A6000000001701	0-	5	2	0.0625	0			1	0	BB8	9	
456		900017			113	30230E1007A6000000001701	0-	5	2	0.0625	0			1	0	BB8	9	
457		900017			114	30230E1004A40000000000001501	0-	5	2	0.0625	0			1	0	BB8	9	
458		900017			115	30230E1000A40000000000001501	0-	5	2	0.0625	0			1	0	BB8	9	
459		900017			116	30230E1008A400000000000000001501	0-	5	2	0.0625	0			1	0	BB8	9	
460		900018			102	30230E1000940000000000000501	0-	5	1	0.07	0			1	0	FF	8	
461		900018			103	30230E1000220000000000009300	0-	5	1	1	1	1	0x20	3	0	FF	5	
462		900018			104	30230E1000980000000000000901	0-	5	1	1	1	1	0x20	3	0	FF	5	
463		900018			105	30230E1001A00000000000001101	0-	5	2	0.0625	0			1	0	BB8	9	
464		900018			106	30230E1000A00000000000001101	0-	5	1	0.0625	0			1	0	FF	9	
465		900018			107	30230E1005A00000000000001101	0-	5	2	0.0625	0			1	0	BB8	9	
466		900018			108	30230E1002A20000000000001301	0-	5	2	0.0625	0			1	0	BB8	9	
467		900018			109	30230E1000A20000000000001301	0-	5	2	0.0625	0			1	0	BB8	9	
468		900018			110	30230E1006A20000000000001301	0-	5	2	0.0625	0			1	0	BB8	9	
469		900018			111	30230E1003A6000000001701	0-	5	2	0.0625	0			1	0	BB8	9	
470		900018			112	30230E1000A6000000001701	0-	5	2	0.0625	0			1	0	BB8	9	
471		900018			113	30230E1007A6000000001701	0-	5	2	0.0625	0			1	0	BB8	9	
472		900018			114	30230E1004A40000000000001501	0-	5	2	0.0625	0			1	0	BB8	9	
473		900018			115	30230E1000A40000000000001501	0-	5	2	0.0625	0			1	0	BB8	9	
474		900018			116	30230E1008A400000000000000001501	0-	5	2	0.0625	0			1	0	BB8	9	
475		900018			117	30230E1000200000000000009100	0-	5	1	1	1	1	0x01	3	0	0	5	
476		900019			102	30230E1000940000000000000501	0-	5	1	0.07	0			1	0	FF	8	
477		900019			103	30230E1000220000000000009300	0-	5	1	1	1	1	0x20	3	0	FF	5	
478		900019			104	30230E1000980000000000000901	0-	5	1	1	1	1	0x20	3	0	FF	5	
479		900019			105	30230E1001A00000000000001101	0-	5	2	0.0625	0			1	0	BB8	9	
480		900019			106	30230E1000A00000000000001101	0-	5	1	0.0625	0			1	0	BB8	9	
481		900019			107	30230E1005A00000000000001101	0-	5	2	0.0625	0			1	0	BB8	9	
482		900019			108	30230E1002A20000000000001301	0-	5	2	0.0625	0			1	0	BB8	9	
483		900019			109	30230E1000A20000000000001301	0-	5	2	0.0625	0			1	0	BB8	9	
484		900019			110	30230E1006A20000000000001301	0-	5	2	0.0625	0			1	0	BB8	9	
485		900019			111	30230E1003A6000000001701	0-	5	2	0.0625	0			1	0	BB8	9	
486		900019			112	30230E1000A6000000001701	0-	5	2	0.0625	0			1	0	BB8	9	
487		900019			113	30230E1007A6000000001701	0-	5	2	0.0625	0			1	0	BB8	9	
488		900019			114	30230E1004A40000000000001501	0-	5	2	0.0625	0			1	0	BB8	9	
489		900019			115	30230E1000A40000000000001501	0-	5	2	0.0625	0			1	0	BB8	9	
490		900019			116	30230E1008A40000000000001501	0-	5	2	0.0625	0			1	0	BB8	9	
491		900019			117	30230E1000200000000000009100	0-	5	1	1	1	1	0x01	3	0	FF	5	
492		900020			119	8201F32A00A0	0-F3016A	6	1	1	0			1	0	FF	9	
493		900020			120	8201F32A00A0	0-F3016A	7	1	0.2698	-24.700001			1	0	FF	15	
494		900020			121	8201F32A00A0	0-F3016A	8	1	0.11925	-15.3			1	0	FF	15	
495		900020			122	8201F32A00A0	0-F3016A	9	1	1.1925	-152.399994			1	0	FF	15	
496		900020			123	8201F32A00A0	0-F3016A	10	1	61	9	1	0x07	3	0	FF	5	
497		900020			124	8201F32A00A0	0-F3016A	11	1	61	9	1	0x07	3	0	FF	5	
498		900020			125	8201F32A00A0	0-F3016A	12	1	1	1	1	0x01	3	0	FF	5	
499		900020			126	8201F32A00A0	0-F3016A	12	1	1	1	1	0x02	3	0	FF	5	
500		900025			36	4273	0-	2	1	1	-60	 	 	1	0	FF	11	
501		900025			3	42694268	0-	2	2	1	0	 	 	1	0	FFFF	2	
502		900025			4	42394238	0-	2	2	1	0			1	0	FFFF	2	
503		900025			10	42334232	0-	2	2	2.222313725	0.008666667	0		65	0	FFFF	7	
504		900025			37	41BD41BC	0-	2	2	0.781176471	0.002745098	-100		65	0	FFFF	3	
505		900025			38	427C	0-	2	1	0.36	-8	 	 	1	0	FF	12	
506		900025			39	42614260	0-	2	2	25.6	0.1	0	 	65	0	FFFF	13	
507		900025			19	1A571A56	0-	2	2	275.8117647	1.074509804	-22065	 	65	0	FFFF	10	
508		900025			40	421F421E	0-	2	2	-25.6	-0.1	55	 	65	0	FFFF	12	
509		900025			41	1A651A64	0-	2	1	1	-60	 	 	1	0	FF	11	
510		900025			42	1A6D1A6C	0-	2	2	1.251215686	0.004862745	-160.16	 	65	0	FFFF	8	
511		900025			43	427F	0-	2	1	0.9490196	0	 	 	1	0	FF	14	
512		900025			5	1D49	0-	2	1	0.5	0	 	 	1	0	FF	3	
513		900025			44	1D49	0-	2	2	1.251215686	0.004862745	-120.11	 	65	0	FFFF	8	
514		900025			45	1D49	0-	2	1	6	0x01	0x01,3	!,2	33	0	FF	5	
515		900025			46	1D49	0-	2	1	6	0x02	0x02,3	!,2	33	0	FF	5	
516		900025			47	1D49	0-	2	1	6	0x04	0x04,3	!,2	33	0	FF	5	
517		900025			48	1D49	0-	2	1	6	0x20	0x20,3	!,2	33	0	FF	5	
518		900025			49	1D42	0-	2	1	6	0x02	0x02,3	!,2	33	0	FF	5	
519		900025			50	1D42	0-	2	1	6	0x08	0x08,3	!,2	33	0	FF	5	
520		900025			28	1D42	0-	2	1	6	0x10	0x10,3	!,2	33	0	FF	5	
521		900025			51	1D41	0-	2	1	6	0x04	0x04,3	!,2	33	0	FF	5	
522		900025			52	1D41	0-	2	1	6	0x08	0x08,3	!,2	33	0	FF	5	
523		900025			53	1D41	0-	2	1	6	0x10	0x10,3	!,2	33	0	FF	5	
524		900025			54	428F	0-	2	1	0.07803921	0	 	 	1	0	FF	8	
525		900025			55	1A611A60	0-	2	2	1.251215686	0.004862745	0	 	65	0	FFFF	8	
526		900025			56	1A591A58	0-	2	2	1.251215686	0.004862745	-80.08	 	65	0	FFFF	8	
527		900025			57	46E346E2	0-	2	2	2.222313725	0.008666667	0	 	65	0	FFFF	7	
528		900025			58	46E546E4	0-	2	2	2.222313725	0.008666667	0	 	65	0	FFFF	7	
529		900025			59	46E746E6	0-	2	2	2.222313725	0.008666667	0	 	65	0	FFFF	7	
530		900025			60	1D40	0-	2	1	6	0x01	0x01,3	!,2	33	0	FF	5	
531		900025			61	1D40	0-	2	1	6	0x02	0x02,3	!,2	33	0	FF	5	
532		900025			62	1D40	0-	2	1	6	0x10	0x10,3	!,2	33	0	FF	5	
533		900025			63	1D40	0-	2	1	6	0x40	0x40,3	!,2	33	0	FF	5	
534		900026			36	4273	0-	2	1	1	-60	 	 	1	0	FF	11	
535		900026			3	42694268	0-	2	2	1	0	 	 	1	0	FFFF	2	
536		900026			4	42394238	0-	2	2	1	0			1	0	FFFF	2	
537		900026			10	42334232	0-	2	2	2.222313725	0.008666667	0		65	0	FFFF	7	
538		900026			37	41BD41BC	0-	2	2	0.781176471	0.002745098	-100		65	0	FFFF	3	
539		900026			38	427C	0-	2	1	0.36	-8	 	 	1	0	FF	12	
540		900026			39	42614260	0-	2	2	25.6	0.1	0	 	65	0	FFFF	13	
541		900026			19	1A571A56	0-	2	2	275.8117647	1.074509804	-22065	 	65	0	FFFF	10	
542		900026			40	421F421E	0-	2	2	-25.6	-0.1	55	 	65	0	FFFF	12	
543		900026			41	1A651A64	0-	2	1	1	-60	 	 	1	0	FF	11	
544		900026			42	1A6D1A6C	0-	2	2	1.251215686	0.004862745	-160.16	 	65	0	FFFF	8	
545		900026			64	4284	0-	2	1	1.251215686	0.004862745	-180.18	 	65	0	FF	8	
546		900026			43	427F	0-	2	1	0.9490196	0	 	 	1	0	FF	14	
547		900026			5	1D49	0-	2	1	0.5	0	 	 	1	0	FF	3	
548		900026			45	1D49	0-	2	1	6	0x01	0x01,3	!,2	33	0	FF	5	
549		900026			47	1D49	0-	2	1	6	0x04	0x04,3	!,2	33	0	FF	5	
550		900026			49	1D42	0-	2	1	6	0x02	0x02,3	!,2	33	0	FF	5	
551		900026			50	1D42	0-	2	1	6	0x08	0x08,3	!,2	33	0	FF	5	
552		900026			28	1D42	0-	2	1	6	0x10	0x10,3	!,2	33	0	FF	5	
553		900026			51	1D41	0-	2	1	6	0x04	0x04,3	!,2	33	0	FF	5	
554		900026			52	1D41	0-	2	1	6	0x08	0x08,3	!,2	33	0	FF	5	
555		900026			53	1D41	0-	2	1	6	0x10	0x10,3	!,2	33	0	FF	5	
556		900026			54	428F	0-	2	1	0.07803921	0	 	 	1	0	FF	8	
557		900026			55	1A611A60	0-	2	2	1.251215686	0.004862745	0	 	65	0	FFFF	8	
558		900026			56	1A591A58	0-	2	2	1.251215686	0.004862745	-80.08	 	65	0	FFFF	8	
559		900026			57	46E346E2	0-	2	2	2.222313725	0.008666667	0	 	65	0	FFFF	7	
560		900026			58	46E546E4	0-	2	2	2.222313725	0.008666667	0	 	65	0	FFFF	7	
561		900026			59	46E746E6	0-	2	2	2.222313725	0.008666667	0	 	65	0	FFFF	7	
562		900026			60	1D40	0-	2	1	6	0x01	0x01,3	!,2	33	0	FF	5	
563		900026			61	1D40	0-	2	1	6	0x02	0x02,3	!,2	33	0	FF	5	
564		900026			62	1D40	0-	2	1	6	0x10	0x10,3	!,2	33	0	FF	5	
565		900026			63	1D40	0-	2	1	6	0x40	0x40,3	!,2	33	0	FF	5	
566		900027			36	4417	0-	2	1	1	-60	 	 	1	0	FF	11	
567		900027			3	0084900700849077	0-	2	2	1	0	 	 	1	0	FFFF	2	
568		900027			4	40B540B4	0-	2	2	1	0			1	0	FFFF	2	
569		900027			10	427D427C	0-	2	2	2.222313725	0.008666667	0		65	0	FFFF	7	
570		900027			37	432B432A	0-	2	2	0.781176471	0.002745098	-100		65	0	FFFF	3	
571		900027			38	4425	0-	2	1	0.36	-8	 	 	1	0	FF	12	
572		900027			39	43FB43FA	0-	2	2	25.6	0.1	0	 	65	0	FFFF	13	
573		900027			19	163F163E	0-	2	2	275.8117647	1.074509804	0	 	65	0	FFFF	10	
574		900027			40	008390AB00839077	0-	2	2	-25.6	-0.1	55	 	65	0	FFFF	12	
575		900027			41	4415	0-	2	1	1	-60	 	 	1	0	FF	11	
576		900027			43	442E	0-	2	1	0.9490196	0	 	 	1	0	FF	14	
577		900027			5	4429	0-	2	1	0.5	0	 	 	1	0	FF	3	
578		900027			45	1D54	0-	2	1	6	0x01	0x01,3	!,2	33	0	FF	5	
579		900027			47	1D54	0-	2	1	6	0x04	0x04,3	!,2	33	0	FF	5	
580		900027			28	1D4E	0-	2	1	6	0x10	0x10,3	!,2	33	0	FF	5	
581		900027			51	1D4D	0-	2	1	6	0x04	0x04,3	!,2	33	0	FF	5	
582		900027			52	1D4D	0-	2	1	6	0x08	0x08,3	!,2	33	0	FF	5	
583		900027			54	4436	0-	2	1	0.07803921	0	 	 	1	0	FF	8	
584		900027			55	16491648	0-	2	2	1.251215686	0.004862745	0	 	65	0	FFFF	8	
585		900027			56	16411640	0-	2	2	1.251215686	0.004862745	0	 	65	0	FFFF	8	
586		900027			57	495D495C	0-	2	2	2.222313725	0.008666667	0	 	65	0	FFFF	7	
587		900027			58	495F495E	0-	2	2	2.222313725	0.008666667	0	 	65	0	FFFF	7	
588		900027			62	1D4C	0-	2	1	6	0x10	0x10,3	!,2	33	0	FF	5	
589		900027			63	1D4C	0-	2	1	6	0x40	0x40,3	!,2	33	0	FF	5	
590		900028			128	8428F121010101C1	0-F12861	5	2	0.1	0			1	0	960	9	
591		900028			129	8428F121010101C1	0-F12861	7	2	0.1	0			1	0	960	9	
592		900028			130	8428F121010101C1	0-F12861	9	2	0.1	0			1	0	960	9	
593		900028			131	8428F121010101C1	0-F12861	11	2	0.1	0			1	0	960	9	
594		900028			11	8428F121010101C1	0-F12861	13	1	0.1	0			1	0	C8	8	
595		900028			132	8428F121010101C1	0-F12861	14	1	0.01	-1.28			1	0	FF	17	
596		900028			133	8428F121010101C1	0-F12861	15	1	0.01	-1.28			1	0	FF	17	
597		900028			134	8428F121010101C1	0-F12861	16	1	0.5	-64			1	0	FF	18	
598		900028			135	8428F121010101C1	0-F12861	17	1	5	-640			1	0	FF	18	
599		900028			136	8428F121010101C1	0-F12861	18	1	1	0			1	0	FF	19	
600		900028			137	8428F121010101C1	0-F12861	19	1	1	0			1	0	FF	19	
601		900028			138	8428F121010101C1	0-F12861	20	1	57	1	1	0x01	3	0	FF	5	
602		900028			139	8428F121010101C1	0-F12861	20	1	57	1	1	0x02	3	0	FF	5	
603		900028			140	8428F121010101C1	0-F12861	20	1	57	1	1	0x04	3	0	FF	5	
604		900028			141	8428F121010101C1	0-F12861	20	1	57	1	1	0x08	3	0	FF	5	
605		900028			142	8428F121010101C1	0-F12861	20	1	1	1	1	0x10	3	0	FF	5	
606		900028			143	8428F121010101C1	0-F12861	20	1	57	1	1	0x20	3	0	FF	5	
607		900028			144	8428F121010101C1	0-F12861	20	1	1	1	1	0x40	3	0	FF	5	
608		900029			145	8401F322110101AD	0-F30162	6	1	1	-40			1	0	FF	1	
609		900029			41	8301F3221103AD	0-F30162	6	1	1	-40			1	0	FF	1	
610		900029			3	8301F3221104AE	0-F30162	6	2	1	0			1	0	1F40	2	
611		900029			4	8301F3221105AF	0-F30162	6	2	1	0			1	0	1F40	2	
612		900029			5	8301F3221106B0	0-F30162	8	1	0.5	0			1	0	C8	3	
613		900029			39	8301F3221107B1	0-F30162	6	1	4	0			1	0	FF	4	
614		900029			38	8301F322110AB4	0-F30162	6	1	0.3145	0			1	0	FF	18	
615		900029			40	8301F322110BB5	0-F30162	6	1	-0.75	54			1	FF	0	18	
616		900029			10	8301F322110DB7	0-F30162	6	2	0.0026	0			1	0	4E20	7	
617		900029			54	8301F3221110BA	0-F30162	6	1	0.0941	0			1	0	FF	8	
618		900029			146	8301F3221113BD	0-F30162	6	2	0.0624	0			1	0	BB8	9	
619		900029			147	8301F3221114BE	0-F30162	6	2	0.0624	0			1	0	BB8	9	
620		900029			148	8301F3221115BF	0-F30162	6	2	0.0049	0			1	0	3FC	8	
621		900029			149	8301F3221116C0	0-F30162	6	2	0.0049	0			1	0	26C	8	
622		900029			150	8301F3221117C1	0-F30162	6	1	0.0192	0			1	0	FF	8	
623		900029			151	8301F3221118C2	0-F30162	6	1	0.0192	0			1	0	FF	8	
624		900029			19	8301F322111FC9	0-F30162	6	2	0.0762	0			1	0	36B0	10	
625		900029			20	8301F3221147F1	0-F30162	6	1	1	1	1	0x01	3	0	FF	5	
626		900029			152	8301F3221147F1	0-F30162	6	1	1	1	1	0x02	3	0	FF	5	
627		900029			153	8301F3221147F1	0-F30162	6	1	1	1	1	0x04	3	0	FF	5	
628		900029			47	8301F3221147F1	0-F30162	6	1	1	1	1	0x10	3	0	FF	5	
629		900029			154	8301F3221148F2	0-F30162	6	1	1	1	1	0x02	3	0	FF	5	
630		900029			26	8301F3221148F2	0-F30162	6	1	1	1	1	0x08	3	0	FF	5	
631		900029			61	8301F3221148F2	0-F30162	6	1	1	1	1	0x10	3	0	FF	5	
632		900029			28	8301F3221148F2	0-F30162	6	1	1	1	1	0x20	3	0	FF	5	
633		900029			52	8301F3221149F3	0-F30162	6	1	1	1	1	0x08	3	0	FF	5	
634		900029			144	8301F322114AF4	0-F30162	6	1	1	1	1	0x04	3	0	FF	20	
635		900029			37	8301F322111BC5	0-F30162	6	2	0.00003	0			1	0	FFFF	3	
636		900029			155	8301F322110CB6	0-F30162	6	1	3	0			1	0	FF	6	
637		900031			156	8220F12130E4	0-F12061	6	2	1	0			1	0	1F40	2	
638		900031			157	8220F12130E4	0-F12061	12	1	305	3	1	0xFF	3	0	FF	5	
639		900031			158	8220F12130E4	0-F12061	13	1	20002	4	2	0xFF	3	0	FF	5	
640		900031			159	8220F12130E4	0-F12061	14	1	306	2	1	0xFF	3	0	FF	5	
641		900031			160	8220F12130E4	0-F12061	16	1	310	4	1	0x0F	3	0	FF	5	
642		900031			161	8220F12130E4	0-F12061	16	1	310	4	1	0xF0	3	0	FF	5	
643		900031			78	8220F12130E4	0-F12061	17	1	1	-50			1	0	C8	1	
644		900031			162	8220F12130E4	0-F12061	18	2	1	0			2	0	2E4	6	
645		900031			163	8220F12130E4	0-F12061	22	2	1	0			1	0	2710	2	
646		900031			80	8220F12130E4	0-F12061	24	1	1	1	1	0x01	3	0	FF	5	
647		900031			164	8220F12130E4	0-F12061	27	1	1	1	1	0x02	3	0	FF	5	
648		900031			165	8220F12130E4	0-F12061	27	1	1	1	1	0x80	3	0	FF	5	
649		900031			166	8220F12130E4	0-F12061	26	1	1	1	1	0x01	3	0	FF	5	
650		900031			167	8220F12130E4	0-F12061	26	1	1	1	1	0x02	3	0	FF	5	
651		900031			168	8220F12131E5	0-F12061	6	2	1	0			1	0	1F40	2	
652		900031			169	8220F12131E5	0-F12061	8	2	1	0			1	0	1F40	2	
653		900031			170	8220F12131E5	0-F12061	10	2	1	0			1	0	1F40	2	
654		900031			71	8220F12131E5	0-F12061	12	2	1	0			1	0	1F40	2	
655		900031			171	8220F12131E5	0-F12061	14	2	1	0			1	0	7D0	2	
656		900031			172	8220F12131E5	0-F12061	16	2	1	0			1	0	7D0	2	
657		900031			173	8220F12131E5	0-F12061	18	2	1	0			1	0	7D0	2	
658		900031			174	8220F12131E5	0-F12061	20	2	1	0			1	0	7D0	2	
659		900031			175	8220F12131E5	0-F12061	22	2	0.1	0			1	0	9C4	9	
660		900031			176	8220F12131E5	0-F12061	24	2	0.1	0			1	0	9C4	9	
661		900031			177	8220F12132E6	0-F12061	6	1	1	0			1	0	64	3	
662		900031			178	8220F12132E6	0-F12061	12	2	0.001	0			2	0	7FFF	5	
663		900031			179	8220F12133E7	0-F12061	7	1	307	9	1	0x0F	3	0	FF	5	
664		900031			180	8220F12133E7	0-F12061	10	2	1	0			1	0	FFFF	21	
665		900031			11	8220F12134E8	0-F12061	6	2	0.025	0			1	0	320	8	
666		900031			181	8220F12134E8	0-F12061	10	2	0.0075	0			1	0	29A	8	
667		900031			182	8220F12134E8	0-F12061	12	2	0.025	0			1	0	320	8	
668		900031			183	8220F12135E9	0-F12061	7	1	308	4	1	0x0F	3	0	FF	5	
669		900032			102	30230E1000940000000000000501	0-	5	1	0.07	0			1	0	FF	8	
670		900032			103	30230E10000A0000000000001101	0-	5	1	1	1	1	0x20	3	0	FF	5	
671		900032			104	30230E1000980000000000000901	0-	5	1	1	1	1	0x20	3	0	FF	5	
672		900032			105	30230E1000A00000000000001101	0-	5	2	0.0625	0			1	0	FA0	9	
673		900032			106	30230E1000A00000000000001101	0-	5	1	0.0625	0			1	0	FA0	9	
674		900032			107	30230E1000A00000000000001101	0-	5	2	0.0625	0			1	0	FA0	9	
675		900032			108	30230E1000A20000000000001301	0-	5	2	0.0625	0			1	0	FA0	9	
676		900032			109	30230E1000A20000000000001301	0-	5	2	0.0625	0			1	0	FA0	9	
677		900032			110	30230E1000A20000000000001301	0-	5	2	0.0625	0			1	0	FA0	9	
678		900032			111	30230E1000A60000000000001701	0-	5	2	0.0625	0			1	0	FA0	9	
679		900032			112	30230E1000A60000000000001701	0-	5	2	0.0625	0			1	0	FA0	9	
680		900032			113	30230E1000A60000000000001701	0-	5	2	0.0625	0			1	0	FA0	9	
681		900032			114	30230E1000A40000000000001501	0-	5	2	0.0625	0			1	0	FA0	9	
682		900032			115	30230E1000A40000000000001501	0-	5	2	0.0625	0			1	0	FA0	9	
683		900032			116	30230E1000A40000000000001501	0-	5	2	0.0625	0			1	0	FA0	9	
684		900032			71	30230E1000A80000000000001901	0-	5	2	1	0			1	0	1F40	2	
685		900032			184	30230E10008C000000000000FD00	0-	5	1	0.4	0			1	0	FA	3	
686		900032			162	30230E100088000000000000F900	0-	5	1	3	0			1	0	FF	6	
687		900033			102	30230E1000940000000000000501	0-	5	1	0.07	0			1	0	FF	8	
688		900033			103	30230E1000220000000000009300	0-	5	1	1	1	1	0x20	3	0	FF	5	
689		900033			104	30230E1000980000000000000901	0-	5	1	1	1	1	0x20	3	0	FF	5	
690		900033			105	30230E1001A00000000000001101	0-	5	2	0.0625	0			1	0	FA0	9	
691		900033			106	30230E1000A00000000000001101	0-	5	1	0.0625	0			1	0	FF	9	
692		900033			107	30230E1005A00000000000001101	0-	5	2	0.0625	0			1	0	FA0	9	
693		900033			108	30230E1002A20000000000001301	0-	5	2	0.0625	0			1	0	FA0	9	
694		900033			109	30230E1000A20000000000001301	0-	5	2	0.0625	0			1	0	FA0	9	
695		900033			110	30230E1006A20000000000001301	0-	5	2	0.0625	0			1	0	FA0	9	
696		900033			111	30230E1003A60000000000001701	0-	5	2	0.0625	0			1	0	FA0	9	
697		900033			112	30230E1000A60000000000001701	0-	5	2	0.0625	0			1	0	FA0	9	
698		900033			113	30230E1007A60000000000001701	0-	5	2	0.0625	0			1	0	FA0	9	
699		900033			114	30230E1004A40000000000001501	0-	5	2	0.0625	0			1	0	FA0	9	
700		900033			115	30230E1000A40000000000001501	0-	5	2	0.0625	0			1	0	FA0	9	
701		900033			116	30230E1008A400000000000000001501	0-	5	2	0.0625	0			1	0	FA0	9	
702		900033			71	30230E1000A80000000000001901	0-	5	2	1	0			1	0	1F40	2	
703		900033			184	30230E10008C000000000000FD00	0-	5	1	0.4	0			1	0	FA	3	
704		900033			185	30230E1000BC0000000000002D01	0-	5	1	1	1	1	0x01	3	0	FF	6	
705		900033			162	30230E1000AA0000000000001B01	0-	5	1	3	0			1	0	FF	6	
706		900034			128	8428F121010101C1	0-F12861	5	2	0.1	0			1	0	9C4	9	
707		900034			129	8428F121010101C1	0-F12861	7	2	0.1	0			1	0	9C4	9	
708		900034			130	8428F121010101C1	0-F12861	9	2	0.1	0			1	0	9C4	9	
709		900034			131	8428F121010101C1	0-F12861	11	2	0.1	0			1	0	9C4	9	
710		900034			11	8428F121010101C1	0-F12861	13	1	0.1	0			1	0	C8	8	
711		900034			138	8428F121010101C1	0-F12861	20	1	57	1	1	0x01	3	0	FF	5	
712		900034			143	8428F121010101C1	0-F12861	20	1	57	1	1	0x20	3	0	FF	5	
713		900034			144	8428F121010101C1	0-F12861	20	1	1	1	1	0x40	3	0	FF	5	
714		900035	8210F121B054	0-F110	186	8201F32A00A0	0-F3016A	6	1	1	0			1	0	FF	22	
715		900035	8210F121B054	0-F110	187	8201F32A00A0	0-F3016A	7	1	1	0			1	0	FF	23	
716		900035	8210F121B054	0-F110	188	8201F32A00A0	0-F3016A	8	1	1	0			1	0	FF	23	
717		900035	8210F121B054	0-F110	189	8201F32A00A0	0-F3016A	14	1	0.392157	0			1	0	FF	3	
718		900035	8210F121B054	0-F110	190	8201F32A00A0	0-F3016A	15	1	0.392157	0			1	0	FF	3	
719		900035	8210F121B054	0-F110	191	8201F32A00A0	0-F3016A	16	2	0.00394	0			1	0	FFFF	24	
720		900035	8210F121B054	0-F110	192	8201F32A00A0	0-F3016A	18	2	0.00394	0			1	0	FFFF	24	
721		900035	8210F121B054	0-F110	193	8201F32A00A0	0-F3016A	20	1	6	0xFF	0x01,3	!,2	33	0	FF	5	
722		900035	8210F121B054	0-F110	194	8201F32A00A0	0-F3016A	20	1	6	0xFF	0x02,3	!,2	33	0	FF	5	
723		900035	8210F121B054	0-F110	195	8201F32A00A0	0-F3016A	9	1	1	0			1	0	FF	23	
724		900035	8210F121B054	0-F110	196	8201F32A00A0	0-F3016A	10	1	1	0			1	0	FF	23	
725		900035	8210F121B054	0-F110	197	8201F32A00A0	0-F3016A	11	1	1	0			1	0	FF	23	
726		900035	8210F121B054	0-F110	198	8201F32A00A0	0-F3016A	12	1	1	0			1	0	FF	23	
727		900035	8210F121B054	0-F110	199	8201F32A00A0	0-F3016A	13	1	1	0			1	0	FF	23	
728		900036	8210F121B054	0-F110	186	8201F32A00A0	0-F3016A	6	1	1	0			1	0	FF	22	
729		900036	8210F121B054	0-F110	187	8201F32A00A0	0-F3016A	7	1	1	0			1	0	FF	23	
730		900036	8210F121B054	0-F110	188	8201F32A00A0	0-F3016A	8	1	1	0			1	0	FF	23	
731		900036	8210F121B054	0-F110	189	8201F32A00A0	0-F3016A	14	1	0.392157	0			1	0	FF	3	
732		900036	8210F121B054	0-F110	190	8201F32A00A0	0-F3016A	15	1	0.392157	0			1	0	FF	3	
733		900036	8210F121B054	0-F110	191	8201F32A00A0	0-F3016A	16	2	0.00394	0			1	0	FFFF	24	
734		900036	8210F121B054	0-F110	192	8201F32A00A0	0-F3016A	18	2	0.00394	0			1	0	FFFF	24	
735		900036	8210F121B054	0-F110	193	8201F32A00A0	0-F3016A	20	1	6	0xFF	0x01,3	!,2	33	0	FF	5	
736		900036	8210F121B054	0-F110	194	8201F32A00A0	0-F3016A	20	1	6	0xFF	0x02,3	!,2	33	0	FF	5	
737		900036	8210F121B054	0-F110	195	8201F32A00A0	0-F3016A	9	1	1	0			1	0	FF	23	
738		900036	8210F121B054	0-F110	196	8201F32A00A0	0-F3016A	10	1	1	0			1	0	FF	23	
739		900036	8210F121B054	0-F110	197	8201F32A00A0	0-F3016A	11	1	1	0			1	0	FF	23	
740		900036	8210F121B054	0-F110	198	8201F32A00A0	0-F3016A	12	1	1	0			1	0	FF	23	
741		900036	8210F121B054	0-F110	199	8201F32A00A0	0-F3016A	13	1	1	0			1	0	FF	23	
742		900039	8210F121B054	0-F110	186	8201F32A00A0	0-F3016A	6	1	1	0			1	0	FF	22	
743		900039	8210F121B054	0-F110	187	8201F32A00A0	0-F3016A	7	1	1	0			1	0	FF	23	
744		900039	8210F121B054	0-F110	188	8201F32A00A0	0-F3016A	8	1	1	0			1	0	FF	23	
745		900039	8210F121B054	0-F110	189	8201F32A00A0	0-F3016A	14	1	0.392157	0			1	0	FF	3	
746		900039	8210F121B054	0-F110	190	8201F32A00A0	0-F3016A	15	1	0.392157	0			1	0	FF	3	
747		900039	8210F121B054	0-F110	191	8201F32A00A0	0-F3016A	16	2	0.00394	0			1	0	FFFF	24	
748		900039	8210F121B054	0-F110	192	8201F32A00A0	0-F3016A	18	2	0.00394	0			1	0	FFFF	24	
749		900039	8210F121B054	0-F110	193	8201F32A00A0	0-F3016A	20	1	6	0xFF	0x01,3	!,2	33	0	FF	5	
750		900039	8210F121B054	0-F110	194	8201F32A00A0	0-F3016A	20	1	6	0xFF	0x02,3	!,2	33	0	FF	5	
751		900039	8210F121B054	0-F110	195	8201F32A00A0	0-F3016A	9	1	1	0			1	0	FF	23	
752		900039	8210F121B054	0-F110	196	8201F32A00A0	0-F3016A	10	1	1	0			1	0	FF	23	
753		900039	8210F121B054	0-F110	197	8201F32A00A0	0-F3016A	11	1	1	0			1	0	FF	23	
754		900039	8210F121B054	0-F110	198	8201F32A00A0	0-F3016A	12	1	1	0			1	0	FF	23	
755		900039	8210F121B054	0-F110	199	8201F32A00A0	0-F3016A	13	1	1	0			1	0	FF	23	
756		900040	8210F121B054	0-F110	186	8201F32A00A0	0-F3016A	6	1	1	0			1	0	FF	22	
757		900040	8210F121B054	0-F110	187	8201F32A00A0	0-F3016A	7	1	1	0			1	0	FF	23	
758		900040	8210F121B054	0-F110	188	8201F32A00A0	0-F3016A	8	1	1	0			1	0	FF	23	
759		900040	8210F121B054	0-F110	189	8201F32A00A0	0-F3016A	14	1	0.392157	0			1	0	FF	3	
760		900040	8210F121B054	0-F110	190	8201F32A00A0	0-F3016A	15	1	0.392157	0			1	0	FF	3	
761		900040	8210F121B054	0-F110	191	8201F32A00A0	0-F3016A	16	2	0.00394	0			1	0	FFFF	24	
762		900040	8210F121B054	0-F110	192	8201F32A00A0	0-F3016A	18	2	0.00394	0			1	0	FFFF	24	
763		900040	8210F121B054	0-F110	193	8201F32A00A0	0-F3016A	20	1	6	0xFF	0x01,3	!,2	33	0	FF	5	
764		900040	8210F121B054	0-F110	194	8201F32A00A0	0-F3016A	20	1	6	0xFF	0x02,3	!,2	33	0	FF	5	
765		900040	8210F121B054	0-F110	195	8201F32A00A0	0-F3016A	9	1	1	0			1	0	FF	23	
766		900040	8210F121B054	0-F110	196	8201F32A00A0	0-F3016A	10	1	1	0			1	0	FF	23	
767		900040	8210F121B054	0-F110	197	8201F32A00A0	0-F3016A	11	1	1	0			1	0	FF	23	
768		900040	8210F121B054	0-F110	198	8201F32A00A0	0-F3016A	12	1	1	0			1	0	FF	23	
769		900040	8210F121B054	0-F110	199	8201F32A00A0	0-F3016A	13	1	1	0			1	0	FF	23	
770		900041	8210F121B054	0-F110	186	8201F32A00A0	0-F3016A	6	1	1	0			1	0	FF	22	
771		900041	8210F121B054	0-F110	187	8201F32A00A0	0-F3016A	7	1	1	0			1	0	FF	23	
772		900041	8210F121B054	0-F110	188	8201F32A00A0	0-F3016A	8	1	1	0			1	0	FF	23	
773		900041	8210F121B054	0-F110	189	8201F32A00A0	0-F3016A	14	1	0.392157	0			1	0	FF	3	
774		900041	8210F121B054	0-F110	190	8201F32A00A0	0-F3016A	15	1	0.392157	0			1	0	FF	3	
775		900041	8210F121B054	0-F110	191	8201F32A00A0	0-F3016A	16	2	0.00394	0			1	0	FFFF	24	
776		900041	8210F121B054	0-F110	192	8201F32A00A0	0-F3016A	18	2	0.00394	0			1	0	FFFF	24	
777		900041	8210F121B054	0-F110	193	8201F32A00A0	0-F3016A	20	1	6	0xFF	0x01,3	!,2	33	0	FF	5	
778		900041	8210F121B054	0-F110	194	8201F32A00A0	0-F3016A	20	1	6	0xFF	0x02,3	!,2	33	0	FF	5	
779		900041	8210F121B054	0-F110	195	8201F32A00A0	0-F3016A	9	1	1	0			1	0	FF	23	
780		900041	8210F121B054	0-F110	196	8201F32A00A0	0-F3016A	10	1	1	0			1	0	FF	23	
781		900041	8210F121B054	0-F110	197	8201F32A00A0	0-F3016A	11	1	1	0			1	0	FF	23	
782		900041	8210F121B054	0-F110	198	8201F32A00A0	0-F3016A	12	1	1	0			1	0	FF	23	
783		900041	8210F121B054	0-F110	199	8201F32A00A0	0-F3016A	13	1	1	0			1	0	FF	23	
784		900044	8210F121B054	0-F110	200	8210F121B054	0-F11061	7	1	1	-50			1	0	C8	1	
785		900044	8210F121B054	0-F110	201	8210F121B054	0-F11061	9	1	0.01	0			1	0	FF	19	
786		900044	8210F121B054	0-F110	202	8210F121B054	0-F11061	26	1	10	0			1	0	FF	25	
787		900044	8210F121B054	0-F110	203	8210F121B155	0-F11061	13	1	0.01	0			1	0	FF	19	
788		900044	8210F121B054	0-F110	204	8210F121B155	0-F11061	17	1	0.39176	0			1	0	FF	3	
789		900044	8210F121B054	0-F110	205	8210F121B155	0-F11061	18	1	0.39176	0			1	0	FF	3	
790		900044	8210F121B054	0-F110	206	8210F121B155	0-F11061	20	1	10	0			1	0	FF	25	
791		900044	8210F121B054	0-F110	207	8210F121B054	0-F11061	12	1	0.39176	0			1	0	FF	3	
792		900044	8210F121B054	0-F110	208	8210F121B054	0-F11061	14	1	10	0			1	0	FF	19	
793		900044	8210F121B054	0-F110	209	8210F121B054	0-F11061	16	1	0.01	0			1	0	FF	19	
794		900044	8210F121B054	0-F110	210	8210F121B054	0-F11061	18	1	1	-50			1	0	C8	1	
795		900044	8210F121B054	0-F110	211	8210F121B054	0-F11061	20	1	1	-50			1	0	82	1	
796		900044	8210F121B054	0-F110	212	8210F121B054	0-F11061	24	1	0.1	0			1	0	C8	8	
797		900044	8210F121B054	0-F110	186	8210F121B054	0-F11061	27	1	1	0			1	0	FF	9	
798		900044	8210F121B054	0-F110	213	8210F121B054	0-F11061	29	1	303	4	1	0x0F	3	0	FF	5	
799		900044	8210F121B054	0-F110	214	8210F121B054	0-F11061	30	1	4	0			1	0	FF	5	
800		900044	8210F121B054	0-F110	215	8210F121B054	0-F11061	31	1	4	0			1	0	FF	5	
801		900044	8210F121B054	0-F110	216	8210F121B155	0-F11061	8	1	0.5	0			1	0	FF	25	
802		900044	8210F121B054	0-F110	217	8210F121B155	0-F11061	9	1	32	0			1	0	FF	2	
803		900044	8210F121B054	0-F110	218	8210F121B155	0-F11061	10	1	2	-100			1	0	FF	6	
804		900044	8210F121B054	0-F110	219	8210F121B155	0-F11061	15	1	10	0			1	0	FF	19	
805		900044	8210F121B054	0-F110	220	8210F121B155	0-F11061	21	1	1	1	1	0xFF	3	0	FF	5	
806		900044	8210F121B054	0-F110	221	8210F121B155	0-F11061	22	1	1	1	1	0xFF	3	0	FF	5	
807		900044	8210F121B054	0-F110	222	8210F121B155	0-F11061	23	1	1.4098	-180			1	0	FF	18	
808		900044	8210F121B054	0-F110	223	8210F121B155	0-F11061	24	1	1.4098	-180			1	0	FF	18	
809		900044	8210F121B054	0-F110	224	8210F121B155	0-F11061	25	1	0.1	0			1	0	FF	25	
810		900044	8210F121B054	0-F110	225	8210F121B155	0-F11061	26	1	0.5	0			1	0	FF	25	
811		900044	8210F121B054	0-F110	226	8210F121B155	0-F11061	32	1	0.39176	0			1	0	FF	3	
812		900044	8210F121B054	0-F110	227	8210F121B155	0-F11061	33	1	32	0			1	0	FF	2	
813		900044	8210F121B054	0-F110	228	8210F121B155	0-F11061	39	1	304	2	1	0x03	3	0	FF	5	
814		900044	8210F121B054	0-F110	229	8210F121B155	0-F11061	40	1	33	1	2	0x01	3	0	FF	5	
815		900044	8210F121B054	0-F110	230	8210F121B256	0-F11061	7	1	1	1	1	0x01	3	0	FF	5	
816		900044	8210F121B054	0-F110	231	8210F121B256	0-F11061	8	1	1	1	1	0x01	3	0	FF	5	
817		900044	8210F121B054	0-F110	232	8210F121B256	0-F11061	9	1	1	1	1	0x01	3	0	FF	5	
818		900044	8210F121B054	0-F110	233	8210F121B256	0-F11061	10	1	1	1	1	0x01	3	0	FF	5	
819		900044	8210F121B054	0-F110	234	8210F121B256	0-F11061	11	1	1	1	1	0x01	3	0	FF	5	
820		900044	8210F121B054	0-F110	235	8210F121B256	0-F11061	12	1	1	1	1	0x01	3	0	FF	5	
821		900044	8210F121B054	0-F110	236	8210F121B054	0-F11061	10	1	0.39176	0			1	0	FF	3	
822		900044	8210F121B054	0-F110	237	8210F121B054	0-F11061	11	1	0.39176	0			1	0	FF	3	
823		900044	8210F121B054	0-F110	238	8210F121B256	0-F11061	17	1	1	1	1	0x01	3	0	FF	5	
824		900044	8210F121B054	0-F110	239	8210F121B256	0-F11061	18	1	1	1	1	0x01	3	0	FF	5	
825		900044	8210F121B054	0-F110	240	8210F121B256	0-F11061	19	1	1	1	1	0x01	3	0	FF	5	
826		900044	8210F121B054	0-F110	241	8210F121B256	0-F11061	20	1	1	1	1	0x01	3	0	FF	5	
827		900044	8210F121B054	0-F110	242	8210F121B256	0-F11061	21	1	1	1	1	0x01	3	0	FF	5	
828		900044	8210F121B054	0-F110	243	8210F121B256	0-F11061	22	1	1	1	1	0x01	3	0	FF	5	
829		900044	8210F121B054	0-F110	244	8210F121B256	0-F11061	23	1	1	1	1	0x01	3	0	FF	5	
830		900044	8210F121B054	0-F110	245	8210F121B256	0-F11061	24	1	1	1	1	0x01	3	0	FF	5	
831		900044	8210F121B054	0-F110	246	8210F121B256	0-F11061	25	1	1	1	1	0x01	3	0	FF	5	
832		900044	8210F121B054	0-F110	247	8210F121B256	0-F11061	26	1	1	1	1	0x01	3	0	FF	5	
833		900044	8210F121B054	0-F110	248	8210F121B256	0-F11061	28	1	1	1	1	0x01	3	0	FF	5	
834		900044	8210F121B054	0-F110	249	8210F121B256	0-F11061	29	1	1	1	1	0x01	3	0	FF	5	
835		900044	8210F121B054	0-F110	250	8210F121B256	0-F11061	30	1	1	1	1	0x01	3	0	FF	5	
836		900044	8210F121B054	0-F110	251	8210F121B256	0-F11061	31	1	1	1	1	0x01	3	0	0	5	
837		900044	8210F121B054	0-F110	252	8210F121B155	0-F11061	41	2	1	0			1	0	FFFF	5	
838		900044	8210F121B054	0-F110	253	8210F121B155	0-F11061	43	2	1	0			1	0	FFFF	5	
839		900044	8210F121B054	0-F110	254	8210F121B155	0-F11061	49	2	1	0			1	0	FFFF	5	
840		900044	8210F121B054	0-F110	255	8210F121B155	0-F11061	45	2	1	0			1	0	FFFF	5	
841		900044	8210F121B054	0-F110	256	8210F121B155	0-F11061	47	2	1	0			1	0	FFFF	5	
842		900045			212	8210F121B054	0-F11061	25	1	0.1	0			1	0	FF	8	
843		900045			210	8210F121B054	0-F11061	19	1	1	-50			1	0	FF	26	
844		900045			227	8210F121B155	0-F11061	56	1	32	0			1	0	FF	2	
845		900045			217	8210F121B155	0-F11061	10	1	32	0			1	0	FF	2	
846		900045			218	8210F121B155	0-F11061	11	1	4.012	-100			1	0	FF	6	
847		900045			186	8210F121B054	0-F11061	29	1	1	0			1	0	FF	14	
848		900045			213	8210F121B054	0-F11061	31	1	6	0xFF	0x00,45	0x01,326	33	0	FF	5	
849		900045			200	8210F121B054	0-F11061	7	1	1	-50			1	0	FF	26	
850		900045			226	8210F121B155	0-F11061	55	1	10	0			1	0	FF	27	
851		900045			219	8210F121B155	0-F11061	16	1	10	0			1	0	FF	28	
852		900045			208	8210F121B054	0-F11061	15	1	10	0			1	0	FF	28	
853		900045			209	8210F121B054	0-F11061	17	1	0.013	0			1	0	FF	28	
854		900045			257	8210F121B155	0-F11061	14	1	0.013	0			1	0	FF	28	
855		900045			201	8210F121B054	0-F11061	10	1	0.013	0			1	0	FF	28	
856		900045			202	8210F121B054	0-F11061	28	1	10	0			1	0	FF	29	
857		900045			211	8210F121B054	0-F11061	21	1	1	-50			1	0	FF	26	
858		900045			258	8210F121B054	0-F11061	42	1	0.3921	0			1	0	FF	3	
859		900045			259	8210F121B155	0-F11061	18	1	0.3921	0			1	0	FF	3	
860		900045			260	8210F121B054	0-F11061	43	1	0.3921	0			1	0	FF	3	
861		900045			261	8210F121B155	0-F11061	21	1	10	0			1	0	FF	29	
862		900045			205	8210F121B155	0-F11061	19	1	0.3921	0			1	0	FF	3	
863		900045			262	8210F121B054	0-F11061	40	1	0.3921	0			1	0	FF	3	
864		900045			207	8210F121B054	0-F11061	13	1	0.3921	0			1	0	FF	3	
865		900045			236	8210F121B054	0-F11061	11	1	0.3921	0			1	0	FF	3	
866		900045			237	8210F121B054	0-F11061	12	1	0.3921	0			1	0	FF	3	
867		900045			263	8210F121B256	0-F11061	12	1	0.1	0			1	0	FF	8	
868		900045			264	8210F121B256	0-F11061	13	1	0.1	0			1	0	FF	8	
869		900045			265	8210F121B054	0-F11061	32	1	4.012	0			1	0	FF	5	
870		900045			266	8210F121B054	0-F11061	33	1	4.012	0			1	0	FF	5	
871		900045			267	8210F121B155	0-F11061	9	1	0.5	0			1	0	FF	29	
872		900045			268	8210F121B155	0-F11061	41	1	1.41	-180			1	0	FF	30	
873		900045			269	8210F121B155	0-F11061	48	1	0.5	0			1	0	FF	29	
874		900045			270	8210F121B054	0-F11061	36	1	0.16	0			1	0	FF	28	
875		900045			271	8210F121B155	0-F11061	22	1	0.3921	0			1	0	FF	3	
876		900045			272	8210F121B155	0-F11061	23	1	6	0xFF	0x00,2	!,3	33	0	FF	5	
877		900045			228	8210F121B155	0-F11061	63	1	6	0xFF	0x00,1417	0x01,1003	33	0	FF	5	
878		900045			229	8210F121B155	0-F11061	64	1	6	0xFF	0x00,51	0x01,40	33	0	FF	5	
879		900045			230	8210F121B256	0-F11061	7	1	6	0xFF	0x00,2	0x01,3	33	0	FF	5	
880		900045			231	8210F121B256	0-F11061	8	1	6	0xFF	0x00,2	!,3	33	0	FF	5	
881		900045			232	8210F121B256	0-F11061	9	1	6	0xFF	0x00,2	!,3	33	0	FF	5	
882		900045			233	8210F121B256	0-F11061	10	1	6	0xFF	0x00,2	!,3	33	0	FF	5	
883		900045			273	8210F121B256	0-F11061	11	1	6	0xFF	0x00,2	!,3	33	0	FF	5	
884		900045			274	8210F121B256	0-F11061	27	1	6	0xFF	0x00,2	!,3	33	0	FF	5	
885		900045			275	8210F121B256	0-F11061	17	1	6	0xFF	0x00,2	!,3	33	0	FF	5	
886		900045			241	8210F121B256	0-F11061	20	1	6	0xFF	0x00,2	!,3	33	0	FF	5	
887		900045			242	8210F121B256	0-F11061	21	1	6	0xFF	0x00,2	!,3	33	0	FF	5	
888		900045			243	8210F121B256	0-F11061	22	1	6	0xFF	0x00,2	!,3	33	0	FF	5	
889		900045			244	8210F121B256	0-F11061	23	1	6	0xFF	0x00,2	!,3	33	0	FF	5	
890		900045			245	8210F121B256	0-F11061	24	1	6	0xFF	0x00,2	!,3	33	0	FF	5	
891		900045			246	8210F121B256	0-F11061	25	1	6	0xFF	0x00,2	!,3	33	0	FF	5	
892		900045			247	8210F121B256	0-F11061	26	1	6	0xFF	0x00,2	!,3	33	0	FF	5	
893		900045			239	8210F121B256	0-F11061	18	1	6	0xFF	0x00,2	!,3	33	0	FF	5	
894		900045			240	8210F121B256	0-F11061	19	1	6	0xFF	0x00,2	!,3	33	0	FF	5	
895		900045			249	8210F121B256	0-F11061	29	1	6	0xFF	0x00,2	!,3	33	0	FF	5	
896		900045			250	8210F121B256	0-F11061	30	1	6	0xFF	0x00,2	!,3	33	0	FF	5	
897		900045			276	8210F121B256	0-F11061	31	1	6	0xFF	0x00,2	!,3	33	0	FF	5	
898		900045			277	8210F121B155	0-F11061	69	2	1	0			1	0	FF	5	
899		900045			278	8210F121B155	0-F11061	77	2	1	0			1	0	FF	5	
900		900045			279	8210F121B155	0-F11061	85	2	1	0			1	0	FF	5	
901		900045			280	8210F121B155	0-F11061	93	2	1	0			1	0	FF	5	
902		900045			281	8210F121B155	0-F11061	101	2	1	0			1	0	FF	5	
903		900046			282	8228AA210176	0-AA2861	22	1	6	0x04	0x04,3	!,2	33	0	0	5	
904		900046			283	8228AA210176	0-AA2861	25	1	19.6	0			1	0	FF	8	
905		900046			11	8228AA210176	0-AA2861	26	1	0.071	0			1	0	FF	8	
906		900046			284	8228AA210176	0-AA2861	6	1	1	0			1	0	FF	5	
907		900046			285	8228AA210176	0-AA2861	13	2	0.0625	0			1	0	C80	9	
908		900046			286	8228AA210176	0-AA2861	15	2	0.0625	0			1	0	C80	9	
909		900046			287	8228AA210176	0-AA2861	17	2	0.0625	0			1	0	C80	9	
910		900046			288	8228AA210176	0-AA2861	19	2	0.0625	0			1	0	C80	9	
911		900048			146	8119F18510	0-F119C5	5	1	1	0			1	0	F0	9	
912		900048			147	8119F18510	0-F119C5	6	1	1	0			1	0	F0	9	
913		900048			289	8119F18510	0-F119C5	7	1	0.392157	0			1	0	FF	3	
914		900048			290	8119F18510	0-F119C5	8	1	0.4	0			1	0	FA	3	
915		900048			291	8119F18510	0-F119C5	9	1	309	9	1	0x07	3	0	FF	5	
916		900048			292	8119F18510	0-F119C5	10	1	33	1	2	0x01	3	0	FF	5	
917		900048			81	8119F18510	0-F119C5	12	1	309	9	2	0x07	3	0	FF	5	
918		900049			293	8119F18510	0-F119C5	9	1	309	9	1	0x0f	3	0	FF	5	
919		900049			294	8119F18510	0-F119C5	10	1	33	1	2	0x01	3	0	FF	5	
920		900049			295	8119F18510	0-F119C5	12	1	312	2	1	0x0f	3	0	FF	5	
921		900050			296	8030F10221C286	0,3-F13061	7	1	0.07843	0			1	0	FF	8	
922		900050			207	8030F10221C286	0,3-F13061	8	1	1	0			1	0	64	3	
923		900050			297	8030F10221C286	0,3-F13061	9	1	0.005	0			1	0	FF	24	
924		900050			186	8030F10221C286	0,3-F13061	10	1	1	0			1	0	FF	9	
925		900052	8210F121B054	0-F110	200	8210F121B054	0-F11061	7	1	1	-50			1	0	C8	1	
926		900052	8210F121B054	0-F110	201	8210F121B054	0-F11061	9	1	0.01	0			1	0	FF	19	
927		900052	8210F121B054	0-F110	202	8210F121B054	0-F11061	26	1	10	0			1	0	FF	25	
928		900052	8210F121B054	0-F110	203	8210F121B155	0-F11061	13	1	0.01	0			1	0	FF	19	
929		900052	8210F121B054	0-F110	298	8210F121B155	0-F11061	17	1	0.39176	0			1	0	FF	3	
930		900052	8210F121B054	0-F110	205	8210F121B155	0-F11061	18	1	0.39176	0			1	0	FF	3	
931		900052	8210F121B054	0-F110	206	8210F121B155	0-F11061	20	1	10	0			1	0	FF	25	
932		900052	8210F121B054	0-F110	207	8210F121B054	0-F11061	12	1	0.39176	0			1	0	FF	3	
933		900052	8210F121B054	0-F110	208	8210F121B054	0-F11061	14	1	10	0			1	0	FF	19	
934		900052	8210F121B054	0-F110	209	8210F121B054	0-F11061	16	1	0.01	0			1	0	FF	19	
935		900052	8210F121B054	0-F110	210	8210F121B054	0-F11061	18	1	1	-50			1	0	C8	1	
936		900052	8210F121B054	0-F110	211	8210F121B054	0-F11061	20	1	1	-50			1	0	82	1	
937		900052	8210F121B054	0-F110	212	8210F121B054	0-F11061	24	1	0.1	0			1	0	C8	8	
938		900052	8210F121B054	0-F110	186	8210F121B054	0-F11061	27	1	1	0			1	0	FF	9	
939		900052	8210F121B054	0-F110	213	8210F121B054	0-F11061	29	1	303	4	1	0x0F	3	0	FF	5	
940		900052	8210F121B054	0-F110	214	8210F121B054	0-F11061	30	1	4	0			1	0	FF	5	
941		900052	8210F121B054	0-F110	215	8210F121B054	0-F11061	31	1	4	0			1	0	FF	5	
942		900052	8210F121B054	0-F110	267	8210F121B155	0-F11061	8	1	0.5	0			1	0	FF	25	
943		900052	8210F121B054	0-F110	217	8210F121B155	0-F11061	9	1	32	0			1	0	FF	2	
944		900052	8210F121B054	0-F110	218	8210F121B155	0-F11061	10	1	2	-100			1	0	FF	6	
945		900052	8210F121B054	0-F110	219	8210F121B155	0-F11061	15	1	10	0			1	0	FF	19	
946		900052	8210F121B054	0-F110	220	8210F121B155	0-F11061	21	1	1	1	1	0xFF	3	0	FF	5	
947		900052	8210F121B054	0-F110	221	8210F121B155	0-F11061	22	1	1	1	1	0xFF	3	0	FF	5	
948		900052	8210F121B054	0-F110	222	8210F121B155	0-F11061	23	1	1.4098	-180			1	0	FF	18	
949		900052	8210F121B054	0-F110	223	8210F121B155	0-F11061	24	1	1.4098	-180			1	0	FF	18	
950		900052	8210F121B054	0-F110	224	8210F121B155	0-F11061	25	1	0.1	0			1	0	FF	25	
951		900052	8210F121B054	0-F110	225	8210F121B155	0-F11061	26	1	0.5	0			1	0	FF	25	
952		900052	8210F121B054	0-F110	226	8210F121B155	0-F11061	32	1	0.39176	0			1	0	FF	3	
953		900052	8210F121B054	0-F110	227	8210F121B155	0-F11061	33	1	32	0			1	0	FF	2	
954		900052	8210F121B054	0-F110	228	8210F121B155	0-F11061	39	1	304	2	1	0x03	3	0	FF	5	
955		900052	8210F121B054	0-F110	229	8210F121B155	0-F11061	40	1	33	1	2	0x01	3	0	FF	5	
956		900052	8210F121B054	0-F110	230	8210F121B256	0-F11061	7	1	1	1	1	0x01	3	0	FF	5	
957		900052	8210F121B054	0-F110	231	8210F121B256	0-F11061	8	1	1	1	1	0x01	3	0	FF	5	
958		900052	8210F121B054	0-F110	232	8210F121B256	0-F11061	9	1	1	1	1	0x01	3	0	FF	5	
959		900052	8210F121B054	0-F110	233	8210F121B256	0-F11061	10	1	1	1	1	0x01	3	0	FF	5	
960		900052	8210F121B054	0-F110	234	8210F121B256	0-F11061	11	1	1	1	1	0x01	3	0	FF	5	
961		900052	8210F121B054	0-F110	299	8210F121B256	0-F11061	12	1	1	1	1	0x01	3	0	FF	5	
962		900052	8210F121B054	0-F110	236	8210F121B054	0-F11061	10	1	0.39176	0			1	0	FF	3	
963		900052	8210F121B054	0-F110	237	8210F121B054	0-F11061	11	1	0.39176	0			1	0	FF	3	
964		900052	8210F121B054	0-F110	238	8210F121B256	0-F11061	17	1	1	1	1	0x01	3	0	FF	5	
965		900052	8210F121B054	0-F110	239	8210F121B256	0-F11061	18	1	1	1	1	0x01	3	0	FF	5	
966		900052	8210F121B054	0-F110	240	8210F121B256	0-F11061	19	1	1	1	1	0x01	3	0	FF	5	
967		900052	8210F121B054	0-F110	241	8210F121B256	0-F11061	20	1	1	1	1	0x01	3	0	FF	5	
968		900052	8210F121B054	0-F110	242	8210F121B256	0-F11061	21	1	1	1	1	0x01	3	0	FF	5	
969		900052	8210F121B054	0-F110	243	8210F121B256	0-F11061	22	1	1	1	1	0x01	3	0	FF	5	
970		900052	8210F121B054	0-F110	244	8210F121B256	0-F11061	23	1	1	1	1	0x01	3	0	FF	5	
971		900052	8210F121B054	0-F110	245	8210F121B256	0-F11061	24	1	1	1	1	0x01	3	0	FF	5	
972		900052	8210F121B054	0-F110	246	8210F121B256	0-F11061	25	1	1	1	1	0x01	3	0	FF	5	
973		900052	8210F121B054	0-F110	247	8210F121B256	0-F11061	26	1	1	1	1	0x01	3	0	FF	5	
974		900052	8210F121B054	0-F110	248	8210F121B256	0-F11061	28	1	1	1	1	0x01	3	0	FF	5	
975		900052	8210F121B054	0-F110	249	8210F121B256	0-F11061	29	1	1	1	1	0x01	3	0	FF	5	
976		900052	8210F121B054	0-F110	250	8210F121B256	0-F11061	30	1	1	1	1	0x01	3	0	FF	5	
977		900052	8210F121B054	0-F110	251	8210F121B256	0-F11061	31	1	1	1	1	0x01	3	0	0	5	
978		900052	8210F121B054	0-F110	252	8210F121B155	0-F11061	41	2	1	0			1	0	FFFF	5	
979		900052	8210F121B054	0-F110	253	8210F121B155	0-F11061	43	2	1	0			1	0	FFFF	5	
980		900052	8210F121B054	0-F110	254	8210F121B155	0-F11061	45	2	1	0			1	0	FFFF	5	
981		900052	8210F121B054	0-F110	255	8210F121B155	0-F11061	47	2	1	0			1	0	FFFF	5	
982		900053			212	8210F121B054	0-F11061	25	1	0.1	0			1	0	FF	8	
983		900053			210	8210F121B054	0-F11061	19	1	1	-50			1	0	FF	26	
984		900053			227	8210F121B155	0-F11061	55	1	32	0			1	0	FF	2	
985		900053			217	8210F121B155	0-F11061	9	1	32	0			1	0	FF	2	
986		900053			218	8210F121B155	0-F11061	10	1	4.012	-100			1	0	FF	6	
987		900053			186	8210F121B054	0-F11061	29	1	1	0			1	0	FF	14	
988		900053			213	8210F121B054	0-F11061	31	1	6	0xFF	0x00,45	0x01,326	33	0	FF	5	
989		900053			200	8210F121B054	0-F11061	7	1	1	-50			1	0	FF	26	
990		900053			226	8210F121B155	0-F11061	54	1	10	0			1	0	FF	27	
991		900053			219	8210F121B155	0-F11061	15	1	10	0			1	0	FF	28	
992		900053			208	8210F121B054	0-F11061	15	1	10	0			1	0	FF	28	
993		900053			209	8210F121B054	0-F11061	17	1	0.013	0			1	0	FF	28	
994		900053			257	8210F121B155	0-F11061	13	1	0.013	0			1	0	FF	28	
995		900053			201	8210F121B054	0-F11061	10	1	0.013	0			1	0	FF	28	
996		900053			202	8210F121B054	0-F11061	28	1	10	0			1	0	FF	29	
997		900053			211	8210F121B054	0-F11061	21	1	1	-50			1	0	FF	26	
998		900053			258	8210F121B054	0-F11061	42	1	0.3921	0			1	0	FF	3	
999		900053			259	8210F121B155	0-F11061	17	1	0.3921	0			1	0	FF	3	
1000		900053			260	8210F121B054	0-F11061	43	1	0.3921	0			1	0	FF	3	
1001		900053			261	8210F121B155	0-F11061	20	1	10	0			1	0	FF	29	
1002		900053			205	8210F121B155	0-F11061	18	1	0.3921	0			1	0	FF	3	
1003		900053			262	8210F121B054	0-F11061	40	1	0.3921	0			1	0	FF	3	
1004		900053			207	8210F121B054	0-F11061	13	1	0.3921	0			1	0	FF	3	
1005		900053			236	8210F121B054	0-F11061	11	1	0.3921	0			1	0	FF	3	
1006		900053			237	8210F121B054	0-F11061	12	1	0.3921	0			1	0	FF	3	
1007		900053			263	8210F121B256	0-F11061	12	1	0.1	0			1	0	FF	8	
1008		900053			264	8210F121B256	0-F11061	13	1	0.1	0			1	0	FF	8	
1009		900053			265	8210F121B054	0-F11061	32	1	4.012	0			1	0	FF	5	
1010		900053			267	8210F121B155	0-F11061	8	1	0.5	0			1	0	FF	29	
1011		900053			268	8210F121B155	0-F11061	40	1	1.41	-180			1	0	FF	30	
1012		900053			269	8210F121B155	0-F11061	47	1	0.5	0			1	0	FF	29	
1013		900053			270	8210F121B054	0-F11061	36	1	0.16	0			1	0	FF	28	
1014		900053			271	8210F121B155	0-F11061	21	1	0.3921	0			1	0	FF	3	
1015		900053			272	8210F121B155	0-F11061	22	1	6	0xFF	0x00,2	!,3	33	0	FF	5	
1016		900053			228	8210F121B155	0-F11061	62	1	6	0xFF	0x00,1417	0x01,1003	33	0	FF	5	
1017		900053			229	8210F121B155	0-F11061	63	1	6	0xFF	0x00,51	0x01,40	33	0	FF	5	
1018		900053			230	8210F121B256	0-F11061	7	1	6	0xFF	0x00,2	0x01,3	33	0	FF	5	
1019		900053			231	8210F121B256	0-F11061	8	1	6	0xFF	0x00,2	!,3	33	0	FF	5	
1020		900053			232	8210F121B256	0-F11061	9	1	6	0xFF	0x00,2	!,3	33	0	FF	5	
1021		900053			233	8210F121B256	0-F11061	10	1	6	0xFF	0x00,2	!,3	33	0	FF	5	
1022		900053			273	8210F121B256	0-F11061	11	1	6	0xFF	0x00,2	!,3	33	0	FF	5	
1023		900053			274	8210F121B256	0-F11061	27	1	6	0xFF	0x00,2	!,3	33	0	FF	5	
1024		900053			275	8210F121B256	0-F11061	17	1	6	0xFF	0x00,2	!,3	33	0	FF	5	
1025		900053			241	8210F121B256	0-F11061	20	1	6	0xFF	0x00,2	!,3	33	0	FF	5	
1026		900053			242	8210F121B256	0-F11061	21	1	6	0xFF	0x00,2	!,3	33	0	FF	5	
1027		900053			243	8210F121B256	0-F11061	22	1	6	0xFF	0x00,2	!,3	33	0	FF	5	
1028		900053			244	8210F121B256	0-F11061	23	1	6	0xFF	0x00,2	!,3	33	0	FF	5	
1029		900053			245	8210F121B256	0-F11061	24	1	6	0xFF	0x00,2	!,3	33	0	FF	5	
1030		900053			246	8210F121B256	0-F11061	25	1	6	0xFF	0x00,2	!,3	33	0	FF	5	
1031		900053			247	8210F121B256	0-F11061	26	1	6	0xFF	0x00,2	!,3	33	0	FF	5	
1032		900053			239	8210F121B256	0-F11061	18	1	6	0xFF	0x00,2	!,3	33	0	FF	5	
1033		900053			240	8210F121B256	0-F11061	19	1	6	0xFF	0x00,2	!,3	33	0	FF	5	
1034		900053			249	8210F121B256	0-F11061	29	1	6	0xFF	0x00,2	!,3	33	0	FF	5	
1035		900053			250	8210F121B256	0-F11061	30	1	6	0xFF	0x00,2	!,3	33	0	FF	5	
1036		900053			276	8210F121B256	0-F11061	31	1	6	0xFF	0x00,2	!,3	33	0	FF	5	
1037		900053			277	8210F121B155	0-F11061	68	2	1	0			1	0	FF	5	
1038		900053			278	8210F121B155	0-F11061	76	2	1	0			1	0	FF	5	
1039		900053			279	8210F121B155	0-F11061	84	2	1	0			1	0	FF	5	
1040		900053			280	8210F121B155	0-F11061	92	2	1	0			1	0	FF	5	
1041		900054			212	07E00322FD40	07E862	17	1	0.1	0			1	0	FF	8	
1042		900054			300	07E00322FD40	07E862	15	1	1	-50			1	0	FF	31	
1043		900054			301	07E00322FD41	07E862	67	1	32	0			1	0	FF	32	
1044		900054			217	07E00322FD41	07E862	8	1	32	0			1	0	FF	32	
1045		900054			302	07E00322FD41	07E862	9	1	4	-100			1	0	FF	6	
1046		900054			186	07E00322FD40	07E862	21	1	1	0			1	0	FF	9	
1047		900054			213	07E00322FD40	07E862	23	1	6	0x0F	0x00,45	0x01,506	33	0	FF	33	
1048		900054			200	07E00322FD40	07E862	6	1	1	-50			1	0	FF	31	
1049		900054			303	07E00322FD41	07E862	65	1	10	0			1	0	FF	27	
1050		900054			304	07E00322FD41	07E862	12	1	10	0			1	0	FF	19	
1051		900054			305	07E00322FD40	07E862	13	1	10	0			1	0	FF	19	
1052		900054			306	07E00322FD40	07E862	14	1	0.019607844	0			1	0	FF	19	
1053		900054			307	07E00322FD41	07E862	11	1	0.019607844	0			1	0	FF	19	
1054		900054			308	07E00322FD40	07E862	8	1	0.007843137	0			1	0	FF	19	
1055		900054			309	07E00322FD40	07E862	42	1	4	-20			1	0	FF	31	
1056		900054			310	07E00322FD40	07E862	19	1	10	0			1	0	FF	25	
1057		900054			311	07E00322FD40	07E862	16	1	1	-50			1	0	FF	34	
1058		900054			312	07E00322FD41	07E862	15	1	1	-100			1	0	FF	3	
1059		900054			258	07E00322FD40	07E862	33	1	0.39215686	0			1	0	FF	3	
1060		900054			259	07E00322FD41	07E862	13	1	0.39215686	0			1	0	FF	3	
1061		900054			260	07E00322FD40	07E862	35	1	2.55	0			1	0	FF	3	
1062		900054			205	07E00322FD41	07E862	14	1	1	-100			1	0	FF	3	
1063		900054			313	07E00322FD40	07E862	31	1	0.548627451	-20			1	0	FF	3	
1064		900054			314	07E00322FD41	07E862	16	1	0.39215686	0			1	0	FF	3	
1065		900054			315	07E00322FD40	07E862	37	1	0.548627451	-20			1	0	FF	3	
1066		900054			316	07E00322FD40	07E862	11	1	0.39215686	0			1	0	FF	3	
1067		900054			317	07E00322FD40	07E862	9	1	0.39215686	0			1	0	FF	3	
1068		900054			318	07E00322FD40	07E862	10	1	0.39215686	0			1	0	FF	3	
1069		900054			319	07E00322FD40	07E862	52	1	6	0x01	0x00,2	!,3	33	0	FF	33	
1070		900054			265	07E00322FD40	07E862	24	1	4	0			1	0	FF	5	
1071		900054			266	07E00322FD40	07E862	25	1	4	0			1	0	FF	5	
1072		900054			320	07E00322FD41	07E862	7	1	0.1	0			1	0	FF	25	
1073		900054			321	07E00322FD41	07E862	49	1	1.4117647	-180			1	0	FF	35	
1074		900054			322	07E00322FD41	07E862	58	1	0.5	0			1	0	FF	25	
1075		900054			323	07E00322FD40	07E862	28	1	8.16	0			1	0	FF	19	
1076		900054			324	07E00322FD41	07E862	18	1	0.352784	0			1	0	FF	3	
1077		900054			325	07E00322FD41	07E862	19	1	6	0x01	0x00,2	!,3	33	0	FF	33	
1078		900054			326	07E00322FD41	07E862	74	1	6	0x03	0x01,1003	0x02,787	33	0	FF	33	
1079		900054			327	07E00322FD41	07E862	29	1	6	0x01	0x00,1442	!,4828	33	0	FF	33	
1080		900054			230	07E00322FD42	07E862	7	1	6	0x03	0x00,2362	0x01,2363	33	0	FF	33	
1081		900054			328	07E00322FD42	07E862	8	1	6	0x01	0x00,2	!,3	33	0	FF	33	
1082		900054			329	07E00322FD42	07E862	9	1	6	0x01	0x00,2	!,3	33	0	FF	33	
1083		900054			233	07E00322FD42	07E862	10	1	6	0x01	0x00,2	!,3	33	0	FF	33	
1084		900054			330	07E00322FD42	07E862	11	1	6	0x01	0x00,2	!,3	33	0	FF	33	
1085		900054			274	07E00322FD42	07E862	22	1	6	0x01	0x00,2	!,3	33	0	FF	33	
1086		900054			331	07E00322FD40	07E862	28	1	0.16	0			1	0	FF	19	
1087		900054			332	07E00322FD42	07E862	12	1	6	0x01	0x00,2	!,3	33	0	FF	33	
1088		900054			333	07E00322FD42	07E862	15	1	6	0x01	0x00,2	!,3	33	0	FF	33	
1089		900054			334	07E00322FD42	07E862	16	1	6	0x01	0x00,2	!,3	33	0	FF	33	
1090		900054			335	07E00322FD42	07E862	17	1	6	0x01	0x00,2	!,3	33	0	FF	33	
1091		900054			336	07E00322FD42	07E862	18	1	6	0x01	0x00,2	!,3	33	0	FF	33	
1092		900054			337	07E00322FD42	07E862	19	1	6	0x01	0x00,2	!,3	33	0	FF	33	
1093		900054			338	07E00322FD42	07E862	20	1	6	0x01	0x00,2	!,3	33	0	FF	33	
1094		900054			339	07E00322FD42	07E862	21	1	6	0x01	0x00,2	!,3	33	0	FF	33	
1095		900054			239	07E00322FD42	07E862	13	1	6	0x01	0x00,2	!,3	33	0	FF	33	
1096		900054			240	07E00322FD42	07E862	14	1	6	0x01	0x00,2	!,3	33	0	FF	33	
1097		900054			340	07E00322FD42	07E862	23	1	6	0x01	0x00,2	!,3	33	0	FF	33	
1098		900054			341	07E00322FD42	07E862	24	1	6	0x01	0x00,2	!,3	33	0	FF	33	
1099		900054			342	07E00322FD42	07E862	25	1	6	0x01	0x00,2	!,3	33	0	FF	33	
1100		900054			343	07E00322FD40	07E862	39	1	4	-20			1	0	FF	34	
1101		900054			344	07E00322FD40	07E862	40	1	4	-20			1	0	FF	34	
1102		900054			345	07E00322FD40	07E862	43	1	20	0			1	0	FF	21	
1103		900054			346	07E00322FD42	07E862	27	1	6	0x03	0x00,52	0x01,1004	33	0	FF	33	
1104		900054			347	07E00322FD41	07E862	123	1	0.89804	0			1	0	FF	3	
1105		900055			348	07E1022143	07E961	5	1	0.1	0			1	0	FF	8	
1106		900055			349	07E1022143	07E961	6	1	1	-40			1	0	FF	31	
1107		900055			350	07E1022143	07E961	7	1	6	0x07	0x00,132	0x01,133	33	0	FF	5	
1108		900055			351	07E1022143	07E961	8	1	6	0x07	0x00,2	0x01,3	33	0	FF	5	
1109		900055			352	07E1022143	07E961	9	1	6	0x03	0x00,139	0x01,3322	33	0	FF	5	
1110		900055			353	07E1022143	07E961	10	1	6	0x01	0x00,1151	!,343	33	0	FF	5	
1111		900055			217	07E1022143	07E961	11	2	1	0			1	0	FFFF	32	
1112		900055			354	07E1022143	07E961	13	2	1	0			1	0	FFFF	32	
1113		900055			355	07E1022143	07E961	15	2	1	0			1	0	FFFF	32	
1114		900055			356	07E1022143	07E961	17	2	1	0			1	0	FFFF	32	
1115		900055			316	07E1022143	07E961	21	1	1	0			1	0	FF	3	
1116		900055			357	07E1022143	07E961	22	1	6	0x0F	0x00,65	0x01,66	33	0	FF	5	
1117		900055			358	07E1022143	07E961	23	1	6	0x0F	0x00,65	0x01,66	33	0	FF	5	
1118		900055			359	07E1022143	07E961	24	1	6	0x07	0x00,35	0x01,35	33	0	FF	5	
1119		900055			360	07E1022143	07E961	25	1	6	0x07	0x00,35	0x01,35	33	0	FF	5	
1120		900056			186	07C0022101	07C861	11	1	1	0		HEX	1	0	FF	5	
1121		900056			212	07C0022101	07C861	14	1	0.058824	0			1	0	FF	8	
1122		900056			361	07C0022101	07C861	16	1	1	0		HEX	1	0	FF	5	
1123		900056			362	07C0022101	07C861	17	1	1	0		HEX	1	0	FF	5	
1124		900056			363	07C0022101	07C861	18	1	1	0		HEX	1	0	FF	5	
1125		900056			364	07C0022101	07C861	19	1	1	0		HEX	1	0	FF	5	
1126		900056			365	07C0022101	07C861	20	1	6	0x03	0x00,49	0x01,327	33	0	FF	5	
1127		900056			366	07C0022101	07C861	20	1	6	0x0C	0x00,49	0x04,327	33	0	FF	5	
1128		900056			367	07C0022101	07C861	20	1	6	0x30	0x00,49	0x10,327	33	0	FF	5	
1129		900056			368	07C0022101	07C861	21	1	0.011764706	-1			1	0	FF	36	
1130		900056			369	07C0022101	07C861	23	1	6	0x03	0x00,2	0x01,3	33	0	FF	5	
1131		900056			370	07C0022101	07C861	23	1	6	0x0C	0x00,2	0x04,3	33	0	FF	5	
1132		900056			371	07C0022101	07C861	23	1	6	0x30	0x00,2	0x10,3	33	0	FF	5	
1133		900056			372	07C0022101	07C861	23	1	6	0xC0	0x00,2	0x40,3	33	0	FF	5	
1134		900056			373	07C0022101	07C861	24	1	6	0x03	0x00,2	0x01,3	33	0	FF	5	
1135		900056			374	07C0022101	07C861	24	1	6	0x0C	0x00,2	0x04,3	33	0	FF	5	
1136		900056			233	07C0022101	07C861	24	1	6	0x30	0x00,2	0x10,3	33	0	FF	5	
1137		900056			375	07C0022101	07C861	25	1	6	0x03	0x00,49	0x01,327	33	0	FF	5	
1138		900056			376	07C0022101	07C861	25	1	6	0x0C	0x00,49	0x04,327	33	0	FF	5	
1139		900056			377	07C0022101	07C861	26	1	6	0x01	0x00,2	!,3	33	0	FF	5	
1140		900056			378	07C0022101	07C861	27	1	6	0x03	0x00,2	0x01,3	33	0	FF	5	
1141		900056			379	07C0022101	07C861	27	1	6	0x0C	0x00,2	0x04,3	33	0	FF	5	
1142		900056			380	07C0022101	07C861	27	1	6	0x30	0x00,2	0x10,3	33	0	FF	5	
1143		900056			381	07C0022101	07C861	27	1	6	0xC0	0x00,2	0x40,3	33	0	FF	5	
1144		900056			382	07C0022101	07C861	28	1	6	0x03	0x00,2	0x01,3	33	0	FF	5	
1145		900056			383	07C0022101	07C861	28	1	6	0x0C	0x00,2	0x04,3	33	0	FF	5	
1146		900056			384	07C0022101	07C861	28	1	6	0x30	0x00,2	0x10,3	33	0	FF	5	
1147		900056			385	07C0022101	07C861	28	1	6	0xC0	0x00,2	0x40,3	33	0	FF	5	
1148		900056			386	07C0022101	07C861	29	1	6	0x03	0x00,2	0x01,3	33	0	FF	5	
1149		900056			387	07C0022101	07C861	29	1	6	0x0C	0x00,2	0x04,3	33	0	FF	5	
1150		900056			388	07C0022101	07C861	29	1	6	0x30	0x00,2	0x10,3	33	0	FF	5	
1151		900056			389	07C0022101	07C861	29	1	6	0xC0	0x00,2	0x40,3	33	0	FF	5	
1152		900056			390	07C0022101	07C861	33	1	0.404	-3			1	0	FF	36	
1153		900056			391	07C0022101	07C861	35	2	0.06248576	-128			1	0	FFFF	37	
1154		900056			392	07C0022101	07C861	37	1	1	0			1	0	FF	19	
1155		900056			393	07C0022101	07C861	42	2	32767	1	-32768		64	0	FFFF	35	
1156		900057			394	07C7022101	07CF61	5	1	6	0x01	0x00,730	!,731	33	0	FF	5	
1157		900057			395	07C7022102	07CF61	5	1	6	0x07	0x00,4820	0x01,4821	33	0	FF	5	
1158		900057			396	07C7022102	07CF61	5	1	6	0x08	0x00,72	!,2873	33	0	FF	5	
1159		900057			397	07C7022102	07CF61	5	1	6	0x10	0x00,1177	!,1176	33	0	FF	5	
1160		900057			398	07C7022102	07CF61	6	1	0.05	0			1	0	FF	24	
1161		900057			399	07C7022102	07CF61	7	1	0.05	0			1	0	FF	24	
1162		900057			400	07C7022102	07CF61	8	1	1	-40			1	0	FF	31	
1163		900057			401	07C7022102	07CF61	9	2	1	0			1	0	FFFF	6	
1164		900057			402	07C7022102	07CF61	11	2	1	0			1	0	FFFF	6	
1165		900057			403	07C7022103	07CF61	5	2	6	0x18	0x08,1058	0x10,142	33	0	FFFF	5	
1166		900057			404	07C7022103	07CF61	6	2	6	0x03	0x00,343	0x01,72	33	0	FFFF	5	
1167		900058			212	07E2022101	07EA61	5	1	0.1	0			1	0	FF	8	
1168		900058			405	07E2022101	07EA61	6	1	0.1	0			1	0	FF	8	
1169		900058			406	07E2022101	07EA61	7	1	0.025882353	0			1	0	FF	8	
1170		900058			186	07E2022101	07EA61	8	1	1	0			1	0	FF	9	
1171		900058			407	07E2022101	07EA61	9	1	1	0			1	0	FF	9	
1172		900058			217	07E2022101	07EA61	10	1	4	0			1	0	FF	32	
1173		900058			408	07E2022101	07EA61	11	1	4	0			1	0	FF	32	
1174		900058			409	07E2022101	07EA61	12	1	0.0196863	0			1	0	FF	8	
1175		900058			410	07E2022101	07EA61	13	1	0.0196863	0			1	0	FF	8	
1176		900058			393	07E2022101	07EA61	14	2	0.1	0			1	0	FFFF	38	
1177		900058			411	07E2022101	07EA61	16	2	0.005714504	0			1	0	FFFF	24	
